0/0005.jpg
2
931 578 24 29 0 0 0 0 0 0
662 583 24 26 0 0 0 0 0 0
0/0006.jpg
1
2366 832 305 412 0 0 0 0 0 0
0/0009.jpg
2
2543 1703 46 54 0 0 0 0 0 0
1430 1702 32 37 0 0 0 0 0 0
0/0013.jpg
1
1314 1231 655 858 0 0 0 0 0 0
0/0019.jpg
1
685 272 468 589 0 0 0 0 0 0
0/0020.jpg
1
161 286 35 38 0 0 0 0 0 0
0/0032.jpg
40
403 944 59 75 0 0 0 0 0 0
183 1042 81 126 0 0 0 0 0 0
846 1100 63 107 0 0 0 0 0 0
1660 1091 47 75 0 0 0 0 0 0
1972 1353 51 91 0 0 0 0 0 0
609 1411 221 247 0 0 0 0 0 0
874 1985 297 375 0 0 0 0 0 0
3091 1272 29 40 0 0 0 0 0 0
2993 1251 25 32 0 0 0 0 0 0
3189 1329 26 36 0 0 0 0 0 0
3123 1325 21 44 0 0 0 0 0 0
3277 1314 21 40 0 0 0 0 0 0
2808 1223 24 32 0 0 0 0 0 0
2719 1268 26 41 0 0 0 0 0 0
2911 1438 35 72 0 0 0 0 0 0
2660 1335 27 44 0 0 0 0 0 0
2517 1448 48 78 0 0 0 0 0 0
2584 1172 31 32 0 0 0 0 0 0
2084 1197 31 49 0 0 0 0 0 0
1804 1216 37 83 0 0 0 0 0 0
1841 1177 50 48 0 0 0 0 0 0
1391 977 28 41 0 0 0 0 0 0
1441 1071 33 42 0 0 0 0 0 0
1139 1019 36 61 0 0 0 0 0 0
934 951 55 59 0 0 0 0 0 0
942 890 33 37 0 0 0 0 0 0
810 900 30 38 0 0 0 0 0 0
855 884 29 39 0 0 0 0 0 0
508 909 48 58 0 0 0 0 0 0
569 911 42 43 0 0 0 0 0 0
607 880 39 61 0 0 0 0 0 0
62 840 44 56 0 0 0 0 0 0
218 881 50 77 0 0 0 0 0 0
1480 1000 23 40 0 0 0 0 0 0
2515 1218 27 42 0 0 0 0 0 0
2368 1168 24 38 0 0 0 0 0 0
993 1067 52 51 0 0 0 0 0 0
2036 1107 41 20 0 0 0 0 0 0
1104 904 29 30 0 0 0 0 0 0
765 857 20 31 0 0 0 0 0 0
0/0034.jpg
2
1534 382 241 361 0 0 0 0 0 0
107 843 60 78 0 0 0 0 0 0
0/0048.jpg
1
1087 1272 150 179 0 0 0 0 0 0
0/0050.jpg
1
2318 1099 220 276 0 0 0 0 0 0
0/0053.jpg
1
1206 2499 107 125 0 0 0 0 0 0
0/0057.jpg
1
1428 545 259 343 0 0 0 0 0 0
0/0062.jpg
9
1989 1101 123 154 0 0 0 0 0 0
2351 1115 105 116 0 0 0 0 0 0
1712 1553 90 143 0 0 0 0 0 0
2542 1343 93 121 0 0 0 0 0 0
780 1770 153 213 0 0 0 0 0 0
667 1299 114 184 0 0 0 0 0 0
1048 1133 69 139 0 0 0 0 0 0
1448 1215 90 107 0 0 0 0 0 0
447 956 132 121 0 0 0 0 0 0
0/0086.jpg
1
877 1394 230 298 0 0 0 0 0 0
0/0097.jpg
1
1218 284 494 641 0 0 0 0 0 0
0/0100.png
2
1361 1324 143 163 0 0 0 0 0 0
3069 1242 143 175 0 0 0 0 0 0
0/0101.jpg
1
1013 1968 203 255 0 0 0 0 0 0
0/0108.jpg
2
831 238 373 492 0 0 0 0 0 0
540 468 307 365 0 0 0 0 0 0
0/0118.jpg
1
229 56 310 446 0 0 0 0 0 0
0/0123.jpg
4
1398 1582 57 72 0 0 0 0 0 0
1663 1653 60 38 0 0 0 0 0 0
2796 1708 106 109 0 0 0 0 0 0
23 1578 62 81 0 0 0 0 0 0
0/0127.jpg
1
1091 965 1040 1299 0 0 0 0 0 0
0/0143.jpg
1
3217 1601 205 257 0 0 0 0 0 0
0/0158.jpg
1
1368 1376 377 506 0 0 0 0 0 0
0/0176.jpg
1
694 2047 565 726 0 0 0 0 0 0
0/0181.jpg
1
811 614 36 48 0 0 0 0 0 0
0/0204.jpg
1
613 1491 1594 2114 0 0 0 0 0 0
0/0210.jpg
1
1532 1103 370 535 0 0 0 0 0 0
0/0216.jpg
2
1353 1561 34 44 0 0 0 0 0 0
1389 1539 19 40 0 0 0 0 0 0
0/0219.jpg
1
1546 1740 313 401 0 0 0 0 0 0
0/0221.jpg
8
771 170 49 61 0 0 0 0 0 0
832 200 37 40 0 0 0 0 0 0
909 383 30 35 0 0 0 0 0 0
391 205 18 29 0 0 0 0 0 0
508 191 20 28 0 0 0 0 0 0
638 185 17 25 0 0 0 0 0 0
367 189 13 21 0 0 0 0 0 0
199 177 18 19 0 0 0 0 0 0
0/0224.jpg
11
448 205 38 50 0 0 0 0 0 0
141 207 18 31 0 0 0 0 0 0
248 217 28 40 0 0 0 0 0 0
193 240 25 32 0 0 0 0 0 0
224 232 16 20 0 0 0 0 0 0
284 239 15 18 0 0 0 0 0 0
429 236 12 15 0 0 0 0 0 0
365 235 13 18 0 0 0 0 0 0
31 220 22 34 0 0 0 0 0 0
276 331 33 49 0 0 0 0 0 0
846 300 29 35 0 0 0 0 0 0
0/0230.jpg
2
2974 1038 450 481 0 0 0 0 0 0
1054 1181 407 632 0 0 0 0 0 0
0/0244.png
2
2742 860 718 880 0 0 0 0 0 0
1683 651 399 482 0 0 0 0 0 0
0/0264.png
2
1073 801 494 442 0 0 0 0 0 0
1879 2787 969 890 0 0 0 0 0 0
0/0284.jpg
2
1785 747 123 181 0 0 0 0 0 0
2159 897 102 129 0 0 0 0 0 0
0/0291.jpg
2
1830 2161 376 340 0 0 0 0 0 0
2743 1979 294 297 0 0 0 0 0 0
0/0302.jpg
1
991 1103 580 854 0 0 0 0 0 0
0/0305.jpg
1
1692 662 272 351 0 0 0 0 0 0
0/0312.jpg
41
2784 1925 48 61 0 0 0 0 0 0
2657 2115 41 47 0 0 0 0 0 0
2255 2019 43 48 0 0 0 0 0 0
2434 1865 53 64 0 0 0 0 0 0
2544 1893 33 37 0 0 0 0 0 0
186 1918 21 24 0 0 0 0 0 0
226 1915 21 25 0 0 0 0 0 0
238 1905 16 19 0 0 0 0 0 0
381 1918 22 25 0 0 0 0 0 0
414 1916 17 21 0 0 0 0 0 0
567 1955 63 76 0 0 0 0 0 0
497 1925 18 21 0 0 0 0 0 0
495 1913 12 15 0 0 0 0 0 0
832 2234 58 73 0 0 0 0 0 0
1546 1929 57 72 0 0 0 0 0 0
1756 1924 57 63 0 0 0 0 0 0
1655 1894 28 32 0 0 0 0 0 0
1495 1875 29 37 0 0 0 0 0 0
1387 1911 15 20 0 0 0 0 0 0
616 1917 15 20 0 0 0 0 0 0
713 1914 13 16 0 0 0 0 0 0
736 1914 20 22 0 0 0 0 0 0
567 1915 7 15 0 0 0 0 0 0
788 1912 18 22 0 0 0 0 0 0
949 1920 15 18 0 0 0 0 0 0
993 1912 17 21 0 0 0 0 0 0
1022 1910 11 15 0 0 0 0 0 0
1062 1911 14 17 0 0 0 0 0 0
1123 1915 18 23 0 0 0 0 0 0
1183 1918 14 20 0 0 0 0 0 0
1229 1905 15 18 0 0 0 0 0 0
1298 1906 12 18 0 0 0 0 0 0
1703 1907 13 18 0 0 0 0 0 0
1783 1892 10 19 0 0 0 0 0 0
2029 1940 22 29 0 0 0 0 0 0
2096 1913 11 12 0 0 0 0 0 0
2165 1890 11 13 0 0 0 0 0 0
2019 1898 11 12 0 0 0 0 0 0
2197 1945 23 24 0 0 0 0 0 0
2230 1899 22 23 0 0 0 0 0 0
2152 1904 10 12 0 0 0 0 0 0
0/0320.jpg
1
337 334 160 176 0 0 0 0 0 0
0/0324.jpg
8
1101 1077 54 85 0 0 0 0 0 0
774 1085 16 42 0 0 0 0 0 0
510 1050 17 24 0 0 0 0 0 0
1036 1058 22 29 0 0 0 0 0 0
1242 1064 18 25 0 0 0 0 0 0
885 1037 9 13 0 0 0 0 0 0
602 1026 23 27 0 0 0 0 0 0
828 1049 25 33 0 0 0 0 0 0
0/0335.jpg
1
1982 1497 343 420 0 0 0 0 0 0
0/0345.jpg
1
1300 1490 35 45 0 0 0 0 0 0
0/0353.jpg
1
1373 1590 2323 3267 0 0 0 0 0 0
0/0362.jpg
6
178 374 68 88 0 0 0 0 0 0
1229 390 58 76 0 0 0 0 0 0
1113 348 61 69 0 0 0 0 0 0
934 368 56 73 0 0 0 0 0 0
1629 332 41 65 0 0 0 0 0 0
1543 293 60 83 0 0 0 0 0 0
0/0363.jpg
1
1087 1423 299 436 0 0 0 0 0 0
0/0364.jpg
2
853 699 31 38 0 0 0 0 0 0
611 704 23 29 0 0 0 0 0 0
0/0370.jpg
1
1572 1746 245 366 0 0 0 0 0 0
0/0384.png
1
1561 185 868 1150 0 0 0 0 0 0
0/0385.jpg
5
1013 1029 131 159 0 0 0 0 0 0
1683 1330 143 159 0 0 0 0 0 0
2309 1491 121 174 0 0 0 0 0 0
2657 1495 140 215 0 0 0 0 0 0
3096 1617 144 252 0 0 0 0 0 0
0/0404.jpg
1
1289 1099 265 323 0 0 0 0 0 0
0/0407.jpg
2
1184 1007 180 245 0 0 0 0 0 0
233 797 42 47 0 0 0 0 0 0
0/0418.jpg
2
1668 1517 170 208 0 0 0 0 0 0
2336 1694 12 18 0 0 0 0 0 0
0/0440.jpg
7
725 738 129 176 0 0 0 0 0 0
203 1326 45 65 0 0 0 0 0 0
984 1383 38 44 0 0 0 0 0 0
262 1346 43 45 0 0 0 0 0 0
3348 1374 40 44 0 0 0 0 0 0
3997 1309 56 71 0 0 0 0 0 0
2879 1475 22 41 0 0 0 0 0 0
0/0450.jpg
1
843 1213 397 520 0 0 0 0 0 0
0/0457.jpg
5
1253 533 500 617 0 0 0 0 0 0
2530 1173 342 537 0 0 0 0 0 0
2764 1378 420 508 0 0 0 0 0 0
4206 903 520 610 0 0 0 0 0 0
5189 1930 330 373 0 0 0 0 0 0
0/0460.jpg
1
1119 416 130 133 0 0 0 0 0 0
0/0478.jpg
1
946 1235 650 783 0 0 0 0 0 0
0/0485.jpg
1
554 435 346 442 0 0 0 0 0 0
0/0515.jpg
1
1313 521 89 140 0 0 0 0 0 0
0/0518.jpg
1
614 587 162 199 0 0 0 0 0 0
0/0524.jpg
6
621 737 41 47 0 0 0 0 0 0
773 704 46 52 0 0 0 0 0 0
952 721 17 21 0 0 0 0 0 0
302 721 42 48 0 0 0 0 0 0
954 723 13 15 0 0 0 0 0 0
912 720 10 11 0 0 0 0 0 0
0/0525.jpg
2
1267 1099 87 131 0 0 0 0 0 0
1344 1178 66 92 0 0 0 0 0 0
0/0536.jpg
1
2437 958 776 1031 0 0 0 0 0 0
0/0539.jpg
4
1834 985 141 188 0 0 0 0 0 0
1313 1140 89 108 0 0 0 0 0 0
281 1135 103 133 0 0 0 0 0 0
756 1301 16 18 0 0 0 0 0 0
0/0558.jpg
1
613 1064 157 198 0 0 0 0 0 0
0/0562.jpg
1
140 1063 295 381 0 0 0 0 0 0
0/0574.jpg
1
892 949 711 911 0 0 0 0 0 0
0/0627.jpg
1
362 491 190 260 0 0 0 0 0 0
0/0630.jpg
1
1991 1764 725 916 0 0 0 0 0 0
0/0633.jpg
1
569 738 122 148 0 0 0 0 0 0
0/0636.jpg
1
474 493 464 706 0 0 0 0 0 0
0/0675.jpg
1
1893 2151 885 503 0 0 0 0 0 0
0/0676.jpg
1
1812 1871 334 370 0 0 0 0 0 0
0/0677.jpg
1
2221 3345 1527 2183 0 0 0 0 0 0
0/0712.jpg
1
625 419 921 1236 0 0 0 0 0 0
0/0714.jpg
1
1343 1102 232 277 0 0 0 0 0 0
0/0725.jpg
1
400 545 463 628 0 0 0 0 0 0
0/0729.jpg
9
0 0 420 519 0 0 0 0 0 0
1483 691 145 192 0 0 0 0 0 0
2265 806 120 152 0 0 0 0 0 0
1868 825 104 162 0 0 0 0 0 0
2174 795 73 97 0 0 0 0 0 0
2428 779 66 93 0 0 0 0 0 0
2660 871 52 71 0 0 0 0 0 0
2964 851 40 65 0 0 0 0 0 0
2120 1140 61 85 0 0 0 0 0 0
0/0749.jpg
1
1321 1397 53 76 0 0 0 0 0 0
0/0753.png
1
1208 1114 226 255 0 0 0 0 0 0
0/0755.jpg
1
1502 1851 236 335 0 0 0 0 0 0
0/0760.jpg
1
1951 914 296 380 0 0 0 0 0 0
0/0787.jpg
1
661 364 317 363 0 0 0 0 0 0
0/0795.jpg
3
2117 1035 175 321 0 0 0 0 0 0
947 1090 107 225 0 0 0 0 0 0
1372 1202 83 161 0 0 0 0 0 0
0/0802.jpg
3
772 938 101 154 0 0 0 0 0 0
442 912 106 146 0 0 0 0 0 0
976 919 65 78 0 0 0 0 0 0
0/0804.jpg
1
1240 1702 426 525 0 0 0 0 0 0
0/0817.jpg
1
3074 779 1270 1434 0 0 0 0 0 0
0/0864.jpg
2
1754 454 23 32 0 0 0 0 0 0
1684 452 23 30 0 0 0 0 0 0
0/0872.png
1
1643 1175 535 577 0 0 0 0 0 0
0/0887.jpg
9
24 633 38 50 0 0 0 0 0 0
467 659 28 29 0 0 0 0 0 0
533 621 52 61 0 0 0 0 0 0
610 638 32 45 0 0 0 0 0 0
732 596 50 64 0 0 0 0 0 0
854 629 17 24 0 0 0 0 0 0
1154 631 44 54 0 0 0 0 0 0
1561 646 13 20 0 0 0 0 0 0
1334 633 14 19 0 0 0 0 0 0
0/0910.jpg
1
383 326 443 693 0 0 0 0 0 0
0/0920.jpg
1
568 360 141 245 0 0 0 0 0 0
1/0011.jpg
2
675 893 150 176 0 0 0 0 0 0
2418 1184 88 102 0 0 0 0 0 0
1/0012.jpg
4
2117 1231 36 51 0 0 0 0 0 0
2171 1226 23 58 0 0 0 0 0 0
1935 1289 29 34 0 0 0 0 0 0
1773 1265 27 37 0 0 0 0 0 0
1/0015.jpg
4
1254 1580 40 47 0 0 0 0 0 0
1535 1637 32 46 0 0 0 0 0 0
2159 1561 32 51 0 0 0 0 0 0
2351 1608 41 45 0 0 0 0 0 0
1/0029.jpg
1
2001 1136 265 353 0 0 0 0 0 0
1/0031.jpg
1
1812 2344 325 400 0 0 0 0 0 0
1/0037.jpg
1
1250 1701 254 373 0 0 0 0 0 0
1/0052.jpg
1
770 2153 301 371 0 0 0 0 0 0
1/0058.jpg
8
1172 1870 97 133 0 0 0 0 0 0
1521 1920 102 110 0 0 0 0 0 0
2835 1790 43 53 0 0 0 0 0 0
3117 1830 38 50 0 0 0 0 0 0
3163 1745 45 59 0 0 0 0 0 0
3238 1801 39 52 0 0 0 0 0 0
3806 1822 45 62 0 0 0 0 0 0
3883 1855 27 37 0 0 0 0 0 0
1/0068.jpg
1
1863 2352 75 95 0 0 0 0 0 0
1/0069.jpg
2
2754 876 321 411 0 0 0 0 0 0
2166 1084 154 250 0 0 0 0 0 0
1/0074.jpg
1
745 312 60 83 0 0 0 0 0 0
1/0076.jpg
1
1433 1415 288 346 0 0 0 0 0 0
1/0079.jpg
1
1358 1305 125 131 0 0 0 0 0 0
1/0090.jpg
1
735 1629 235 311 0 0 0 0 0 0
1/0093.jpg
1
2369 1306 151 203 0 0 0 0 0 0
1/0106.jpg
3
1408 1204 97 134 0 0 0 0 0 0
1796 1253 102 120 0 0 0 0 0 0
1341 2591 109 115 0 0 0 0 0 0
1/0109.jpg
1
1323 1532 387 510 0 0 0 0 0 0
1/0126.png
1
1788 1234 627 724 0 0 0 0 0 0
1/0131.jpg
1
2286 1187 254 288 0 0 0 0 0 0
1/0148.jpg
1
1207 1687 762 871 0 0 0 0 0 0
1/0166.jpg
2
2204 1647 82 115 0 0 0 0 0 0
1292 1587 95 109 0 0 0 0 0 0
1/0170.jpg
1
227 361 39 51 0 0 0 0 0 0
1/0171.jpg
1
575 835 309 375 0 0 0 0 0 0
1/0187.jpg
1
454 2030 919 1130 0 0 0 0 0 0
1/0188.jpg
1
2250 1257 202 248 0 0 0 0 0 0
1/0190.jpg
1
1173 1288 696 942 0 0 0 0 0 0
1/0191.jpg
7
1351 121 80 94 0 0 0 0 0 0
1204 171 65 86 0 0 0 0 0 0
730 141 66 86 0 0 0 0 0 0
749 736 70 77 0 0 0 0 0 0
1175 589 61 70 0 0 0 0 0 0
798 647 61 76 0 0 0 0 0 0
319 288 10 20 0 0 0 0 0 0
1/0213.jpg
1
1816 374 50 67 0 0 0 0 0 0
1/0227.jpg
1
1344 1796 208 314 0 0 0 0 0 0
1/0228.jpg
2
109 212 298 403 0 0 0 0 0 0
395 1 231 259 0 0 0 0 0 0
1/0233.jpg
1
1759 1132 271 351 0 0 0 0 0 0
1/0240.jpg
1
905 1729 355 426 0 0 0 0 0 0
1/0245.jpg
1
1306 1092 1527 1971 0 0 0 0 0 0
1/0248.jpg
1
1578 1950 400 508 0 0 0 0 0 0
1/0254.jpg
1
1530 620 194 264 0 0 0 0 0 0
1/0255.png
1
882 1028 548 615 0 0 0 0 0 0
1/0259.jpg
1
745 1340 397 520 0 0 0 0 0 0
1/0268.jpg
1
392 659 288 316 0 0 0 0 0 0
1/0269.png
2
2862 1705 53 116 0 0 0 0 0 0
1297 1367 36 45 0 0 0 0 0 0
1/0278.jpg
1
650 594 75 100 0 0 0 0 0 0
1/0310.jpg
1
1296 2958 490 641 0 0 0 0 0 0
1/0342.jpg
1
355 509 190 248 0 0 0 0 0 0
1/0375.jpg
1
2513 2142 44 95 0 0 0 0 0 0
1/0376.jpg
3
1215 1271 320 383 0 0 0 0 0 0
796 1346 89 148 0 0 0 0 0 0
1686 1549 94 109 0 0 0 0 0 0
1/0383.jpg
1
1483 2004 271 367 0 0 0 0 0 0
1/0396.png
9
896 591 47 60 0 0 0 0 0 0
1122 608 41 46 0 0 0 0 0 0
1249 569 42 48 0 0 0 0 0 0
1386 628 41 57 0 0 0 0 0 0
1442 569 42 40 0 0 0 0 0 0
1555 600 44 45 0 0 0 0 0 0
1603 587 39 43 0 0 0 0 0 0
1753 603 44 57 0 0 0 0 0 0
1876 585 36 43 0 0 0 0 0 0
1/0412.jpg
1
1560 522 271 372 0 0 0 0 0 0
1/0416.jpg
1
1598 876 170 193 0 0 0 0 0 0
1/0419.jpg
13
940 426 45 65 0 0 0 0 0 0
988 371 43 44 0 0 0 0 0 0
1067 357 47 53 0 0 0 0 0 0
1290 394 51 68 0 0 0 0 0 0
1237 453 53 52 0 0 0 0 0 0
1328 495 48 59 0 0 0 0 0 0
1263 201 28 41 0 0 0 0 0 0
1116 222 28 38 0 0 0 0 0 0
1006 222 34 37 0 0 0 0 0 0
1088 160 27 29 0 0 0 0 0 0
1183 157 24 31 0 0 0 0 0 0
1374 155 30 43 0 0 0 0 0 0
1860 103 26 44 0 0 0 0 0 0
1/0432.png
1
1322 1503 307 364 0 0 0 0 0 0
1/0438.jpg
1
1358 1563 323 456 0 0 0 0 0 0
1/0447.jpg
2
2489 973 94 111 0 0 0 0 0 0
1539 1031 93 120 0 0 0 0 0 0
1/0504.jpg
3
979 475 59 82 0 0 0 0 0 0
631 478 26 27 0 0 0 0 0 0
364 481 29 37 0 0 0 0 0 0
1/0544.jpg
2
1241 1167 101 148 0 0 0 0 0 0
1012 1194 45 64 0 0 0 0 0 0
1/0567.jpg
1
1460 1475 297 428 0 0 0 0 0 0
1/0579.jpg
1
1541 678 274 337 0 0 0 0 0 0
1/0584.jpg
1
2062 1068 339 467 0 0 0 0 0 0
1/0594.jpg
3
1411 758 172 164 0 0 0 0 0 0
2119 665 95 169 0 0 0 0 0 0
2855 765 104 122 0 0 0 0 0 0
1/0600.jpg
5
1508 1464 196 501 0 0 0 0 0 0
2032 1703 102 181 0 0 0 0 0 0
3316 1609 95 307 0 0 0 0 0 0
2348 1762 57 96 0 0 0 0 0 0
2902 1859 71 94 0 0 0 0 0 0
1/0609.jpg
1
2713 1583 138 182 0 0 0 0 0 0
1/0642.jpg
1
422 672 24 33 0 0 0 0 0 0
1/0656.png
1
1496 1437 367 445 0 0 0 0 0 0
1/0667.jpg
3
244 1754 152 173 0 0 0 0 0 0
520 1679 146 184 0 0 0 0 0 0
2126 1868 117 169 0 0 0 0 0 0
1/0670.jpg
8
2856 1822 104 170 0 0 0 0 0 0
3085 1888 141 151 0 0 0 0 0 0
3073 1788 133 138 0 0 0 0 0 0
3365 1801 137 172 0 0 0 0 0 0
3557 1842 122 142 0 0 0 0 0 0
3973 1933 114 120 0 0 0 0 0 0
4313 1991 64 103 0 0 0 0 0 0
4929 1827 111 114 0 0 0 0 0 0
1/0671.jpg
1
362 661 590 703 0 0 0 0 0 0
1/0713.jpg
6
1129 528 156 193 0 0 0 0 0 0
491 507 132 155 0 0 0 0 0 0
1795 879 80 176 0 0 0 0 0 0
3073 1065 200 284 0 0 0 0 0 0
3672 1189 195 334 0 0 0 0 0 0
2490 1035 68 215 0 0 0 0 0 0
1/0735.jpg
1
1215 1486 843 952 0 0 0 0 0 0
1/0743.png
1
817 1008 350 380 0 0 0 0 0 0
1/0750.jpg
1
1211 1685 349 451 0 0 0 0 0 0
1/0757.jpg
6
2856 1513 176 255 0 0 0 0 0 0
3619 1427 93 105 0 0 0 0 0 0
3217 1496 89 109 0 0 0 0 0 0
2481 1619 105 140 0 0 0 0 0 0
1633 1569 172 300 0 0 0 0 0 0
268 1762 187 305 0 0 0 0 0 0
1/0758.png
1
1516 1212 375 487 0 0 0 0 0 0
1/0763.jpg
1
792 915 1048 1307 0 0 0 0 0 0
1/0765.jpg
1
474 386 195 288 0 0 0 0 0 0
1/0793.jpg
7
1908 314 162 318 0 0 0 0 0 0
1062 517 79 132 0 0 0 0 0 0
533 541 86 135 0 0 0 0 0 0
2585 859 86 66 0 0 0 0 0 0
2003 725 45 48 0 0 0 0 0 0
205 629 67 78 0 0 0 0 0 0
2680 746 36 59 0 0 0 0 0 0
1/0797.jpg
3
2247 748 394 576 0 0 0 0 0 0
2976 704 452 685 0 0 0 0 0 0
4357 1658 344 344 0 0 0 0 0 0
1/0806.jpg
3
128 1568 65 74 0 0 0 0 0 0
222 1590 42 66 0 0 0 0 0 0
1865 1394 36 50 0 0 0 0 0 0
1/0810.jpg
1
2578 961 234 288 0 0 0 0 0 0
1/0814.jpg
1
1655 1250 266 347 0 0 0 0 0 0
1/0824.jpg
3
1254 1302 114 152 0 0 0 0 0 0
1856 1248 70 87 0 0 0 0 0 0
2211 1282 9 29 0 0 0 0 0 0
1/0829.jpg
17
785 1313 97 118 0 0 0 0 0 0
1156 1263 103 134 0 0 0 0 0 0
1513 1576 162 179 0 0 0 0 0 0
1458 1322 93 117 0 0 0 0 0 0
1796 1312 103 107 0 0 0 0 0 0
2047 1323 111 141 0 0 0 0 0 0
369 712 104 111 0 0 0 0 0 0
599 742 130 162 0 0 0 0 0 0
848 686 114 123 0 0 0 0 0 0
1134 984 112 135 0 0 0 0 0 0
1335 718 137 108 0 0 0 0 0 0
1649 727 101 108 0 0 0 0 0 0
1931 712 93 120 0 0 0 0 0 0
2075 760 106 118 0 0 0 0 0 0
2381 679 119 121 0 0 0 0 0 0
2631 745 103 152 0 0 0 0 0 0
2613 604 104 120 0 0 0 0 0 0
1/0830.jpg
1
290 209 40 50 0 0 0 0 0 0
1/0832.jpg
2
591 505 55 61 0 0 0 0 0 0
935 529 39 41 0 0 0 0 0 0
1/0841.png
2
2447 1240 267 272 0 0 0 0 0 0
1234 1164 245 339 0 0 0 0 0 0
1/0843.png
1
2300 783 237 281 0 0 0 0 0 0
1/0847.jpg
4
752 1116 94 105 0 0 0 0 0 0
1098 1136 90 81 0 0 0 0 0 0
1480 1095 68 88 0 0 0 0 0 0
1620 1048 69 99 0 0 0 0 0 0
1/0856.jpg
1
392 602 402 495 0 0 0 0 0 0
1/0858.jpg
1
1178 615 500 709 0 0 0 0 0 0
1/0881.jpg
10
3219 2081 271 337 0 0 0 0 0 0
1934 2500 62 85 0 0 0 0 0 0
2248 2548 36 41 0 0 0 0 0 0
2677 2502 67 92 0 0 0 0 0 0
1318 2424 47 58 0 0 0 0 0 0
1545 2462 25 38 0 0 0 0 0 0
1692 2488 31 43 0 0 0 0 0 0
1382 2432 31 45 0 0 0 0 0 0
1774 2493 46 55 0 0 0 0 0 0
1590 2489 20 29 0 0 0 0 0 0
1/0882.jpg
1
894 1835 317 410 0 0 0 0 0 0
1/0902.jpg
1
416 516 624 796 0 0 0 0 0 0
1/0914.png
1
1106 554 1270 903 0 0 0 0 0 0
1/0919.jpg
2
2396 1904 121 140 0 0 0 0 0 0
2770 1841 108 131 0 0 0 0 0 0
1/0921.jpg
3
703 142 382 561 0 0 0 0 0 0
1191 261 428 604 0 0 0 0 0 0
2155 7 119 168 0 0 0 0 0 0
2/0003.jpg
1
1576 1780 176 259 0 0 0 0 0 0
2/0043.jpg
1
1304 1339 421 499 0 0 0 0 0 0
2/0056.jpg
1
358 516 463 607 0 0 0 0 0 0
2/0063.png
1
1802 1658 228 255 0 0 0 0 0 0
2/0073.jpg
1
1005 1564 581 745 0 0 0 0 0 0
2/0075.jpg
2
1318 1087 431 451 0 0 0 0 0 0
3126 1896 315 507 0 0 0 0 0 0
2/0084.jpg
1
1209 1609 525 762 0 0 0 0 0 0
2/0140.jpg
7
1774 758 143 209 0 0 0 0 0 0
1215 815 85 108 0 0 0 0 0 0
443 771 28 43 0 0 0 0 0 0
1182 781 25 36 0 0 0 0 0 0
2713 772 20 42 0 0 0 0 0 0
3280 778 18 28 0 0 0 0 0 0
3413 808 39 49 0 0 0 0 0 0
2/0141.jpg
6
2106 1187 57 89 0 0 0 0 0 0
1493 1321 69 70 0 0 0 0 0 0
436 1088 33 32 0 0 0 0 0 0
2493 1099 24 26 0 0 0 0 0 0
2559 1088 21 23 0 0 0 0 0 0
2574 1065 21 29 0 0 0 0 0 0
2/0152.jpg
1
1006 527 28 36 0 0 0 0 0 0
2/0162.png
1
1600 1555 430 495 0 0 0 0 0 0
2/0168.jpg
1
2905 1440 369 554 0 0 0 0 0 0
2/0173.jpg
1
898 1434 846 1235 0 0 0 0 0 0
2/0175.jpg
3
2614 1110 643 874 0 0 0 0 0 0
1643 1112 615 844 0 0 0 0 0 0
793 1283 619 904 0 0 0 0 0 0
2/0179.jpg
1
522 276 1259 1655 0 0 0 0 0 0
2/0185.jpg
2
2900 1186 434 669 0 0 0 0 0 0
124 747 511 771 0 0 0 0 0 0
2/0189.png
23
2334 2215 86 121 0 0 0 0 0 0
2783 2198 88 103 0 0 0 0 0 0
1001 2214 76 100 0 0 0 0 0 0
630 2296 53 79 0 0 0 0 0 0
3349 2276 70 85 0 0 0 0 0 0
3539 2161 87 120 0 0 0 0 0 0
3880 2169 84 126 0 0 0 0 0 0
4030 2284 63 106 0 0 0 0 0 0
4145 2342 30 45 0 0 0 0 0 0
4106 2322 31 47 0 0 0 0 0 0
3759 2326 46 52 0 0 0 0 0 0
4214 2331 31 40 0 0 0 0 0 0
4250 2345 35 41 0 0 0 0 0 0
4351 2323 36 48 0 0 0 0 0 0
4443 2367 37 37 0 0 0 0 0 0
4331 2331 28 39 0 0 0 0 0 0
4687 2336 39 45 0 0 0 0 0 0
4945 2316 37 50 0 0 0 0 0 0
5145 2296 37 50 0 0 0 0 0 0
1934 2271 53 59 0 0 0 0 0 0
6107 2313 33 43 0 0 0 0 0 0
5622 2366 12 24 0 0 0 0 0 0
5823 2360 22 21 0 0 0 0 0 0
2/0195.jpg
5
920 968 108 143 0 0 0 0 0 0
1368 987 103 132 0 0 0 0 0 0
2778 686 126 178 0 0 0 0 0 0
2429 957 34 51 0 0 0 0 0 0
2341 946 38 36 0 0 0 0 0 0
2/0197.jpg
1
1863 1690 422 503 0 0 0 0 0 0
2/0208.jpg
1
923 1102 1097 1484 0 0 0 0 0 0
2/0249.jpg
1
523 480 244 299 0 0 0 0 0 0
2/0250.jpg
1
671 200 47 66 0 0 0 0 0 0
2/0275.jpg
1
1680 942 2563 3762 0 0 0 0 0 0
2/0277.jpg
1
1073 1240 712 908 0 0 0 0 0 0
2/0283.jpg
1
371 438 622 799 0 0 0 0 0 0
2/0292.jpg
1
2429 1455 198 259 0 0 0 0 0 0
2/0293.jpg
5
1384 1419 73 93 0 0 0 0 0 0
1907 1316 107 188 0 0 0 0 0 0
1983 1338 64 98 0 0 0 0 0 0
1130 1382 52 154 0 0 0 0 0 0
3013 1489 89 141 0 0 0 0 0 0
2/0332.jpg
2
1586 1405 30 53 0 0 0 0 0 0
357 1589 30 56 0 0 0 0 0 0
2/0333.jpg
1
1444 1472 596 638 0 0 0 0 0 0
2/0334.png
1
1199 1341 456 579 0 0 0 0 0 0
2/0337.jpg
5
273 518 45 64 0 0 0 0 0 0
437 524 50 64 0 0 0 0 0 0
653 476 52 66 0 0 0 0 0 0
1110 506 53 64 0 0 0 0 0 0
1202 525 45 52 0 0 0 0 0 0
2/0355.jpg
3
1532 2286 17 22 0 0 0 0 0 0
1470 2311 15 23 0 0 0 0 0 0
1282 2296 36 36 0 0 0 0 0 0
2/0360.jpg
2
2126 1003 72 95 0 0 0 0 0 0
2380 880 73 104 0 0 0 0 0 0
2/0373.jpg
1
1947 434 216 276 0 0 0 0 0 0
2/0378.jpg
1
1503 1177 736 859 0 0 0 0 0 0
2/0388.jpg
1
1805 948 423 507 0 0 0 0 0 0
2/0403.jpg
1
285 569 460 637 0 0 0 0 0 0
2/0414.jpg
2
341 449 15 19 0 0 0 0 0 0
524 458 11 13 0 0 0 0 0 0
2/0415.jpg
7
760 414 38 51 0 0 0 0 0 0
155 565 89 55 0 0 0 0 0 0
771 333 19 21 0 0 0 0 0 0
671 285 18 17 0 0 0 0 0 0
209 272 17 19 0 0 0 0 0 0
322 259 16 28 0 0 0 0 0 0
961 258 17 19 0 0 0 0 0 0
2/0423.jpg
4
1673 905 78 102 0 0 0 0 0 0
1117 1069 90 127 0 0 0 0 0 0
1026 926 69 77 0 0 0 0 0 0
3031 802 89 157 0 0 0 0 0 0
2/0434.jpg
1
821 467 91 110 0 0 0 0 0 0
2/0442.jpg
1
3233 901 929 1175 0 0 0 0 0 0
2/0448.png
1
1692 1108 326 379 0 0 0 0 0 0
2/0452.jpg
1
1477 1251 656 889 0 0 0 0 0 0
2/0469.jpg
1
630 464 231 297 0 0 0 0 0 0
2/0472.png
1
3187 1792 1709 2531 0 0 0 0 0 0
2/0477.jpg
1
188 433 434 447 0 0 0 0 0 0
2/0479.jpg
4
1705 455 142 195 0 0 0 0 0 0
3065 526 41 55 0 0 0 0 0 0
827 534 49 63 0 0 0 0 0 0
1132 563 27 30 0 0 0 0 0 0
2/0502.jpg
2
506 116 26 42 0 0 0 0 0 0
770 107 22 28 0 0 0 0 0 0
2/0503.jpg
1
965 1732 405 532 0 0 0 0 0 0
2/0512.jpg
2
1032 559 37 68 0 0 0 0 0 0
877 540 61 74 0 0 0 0 0 0
2/0546.jpg
3
2150 1362 132 216 0 0 0 0 0 0
3438 1283 112 129 0 0 0 0 0 0
3627 1252 88 157 0 0 0 0 0 0
2/0548.jpg
4
785 398 41 52 0 0 0 0 0 0
1699 456 32 45 0 0 0 0 0 0
1608 413 42 50 0 0 0 0 0 0
1205 447 38 39 0 0 0 0 0 0
2/0552.png
2
52 475 526 645 0 0 0 0 0 0
3579 614 444 517 0 0 0 0 0 0
2/0556.jpg
4
2708 797 28 51 0 0 0 0 0 0
2349 563 216 262 0 0 0 0 0 0
2035 666 124 164 0 0 0 0 0 0
1989 777 19 24 0 0 0 0 0 0
2/0559.jpg
3
1703 531 100 135 0 0 0 0 0 0
894 314 36 54 0 0 0 0 0 0
398 629 51 127 0 0 0 0 0 0
2/0565.png
5
1940 856 33 47 0 0 0 0 0 0
2035 869 32 45 0 0 0 0 0 0
2228 874 32 47 0 0 0 0 0 0
2765 880 30 38 0 0 0 0 0 0
2850 886 23 25 0 0 0 0 0 0
2/0576.jpg
1
412 669 446 556 0 0 0 0 0 0
2/0586.jpg
5
2259 1429 131 198 0 0 0 0 0 0
2534 1563 191 179 0 0 0 0 0 0
1582 1524 98 165 0 0 0 0 0 0
1346 1503 150 144 0 0 0 0 0 0
981 1665 144 142 0 0 0 0 0 0
2/0595.jpg
1
1795 712 597 687 0 0 0 0 0 0
2/0607.jpg
1
689 1265 331 386 0 0 0 0 0 0
2/0614.jpg
1
1074 1269 290 369 0 0 0 0 0 0
2/0617.jpg
1
1138 1278 515 995 0 0 0 0 0 0
2/0619.jpg
8
847 1197 66 86 0 0 0 0 0 0
1037 1191 60 89 0 0 0 0 0 0
1986 1061 98 145 0 0 0 0 0 0
2452 937 117 154 0 0 0 0 0 0
3105 1031 66 92 0 0 0 0 0 0
2153 1170 37 51 0 0 0 0 0 0
2701 1131 24 30 0 0 0 0 0 0
2939 1118 20 24 0 0 0 0 0 0
2/0624.png
1
1086 909 383 514 0 0 0 0 0 0
2/0632.jpg
1
635 1008 1195 1378 0 0 0 0 0 0
2/0646.jpg
3
2886 1835 502 567 0 0 0 0 0 0
914 631 497 632 0 0 0 0 0 0
1957 446 394 517 0 0 0 0 0 0
2/0653.jpg
1
2351 836 317 417 0 0 0 0 0 0
2/0673.jpg
3
2046 987 90 137 0 0 0 0 0 0
1236 1037 57 79 0 0 0 0 0 0
1436 1033 54 76 0 0 0 0 0 0
2/0681.png
1
826 1461 809 1147 0 0 0 0 0 0
2/0691.jpg
1
700 1099 208 225 0 0 0 0 0 0
2/0702.jpg
1
4114 1162 1044 1161 0 0 0 0 0 0
2/0722.jpg
1
346 539 164 234 0 0 0 0 0 0
2/0724.jpg
19
677 919 139 209 0 0 0 0 0 0
2615 826 172 208 0 0 0 0 0 0
3051 849 171 209 0 0 0 0 0 0
3769 897 131 160 0 0 0 0 0 0
277 1077 43 62 0 0 0 0 0 0
905 1065 36 44 0 0 0 0 0 0
985 1075 47 63 0 0 0 0 0 0
1079 1033 77 78 0 0 0 0 0 0
1287 1026 42 61 0 0 0 0 0 0
1409 1054 48 59 0 0 0 0 0 0
1355 1037 26 36 0 0 0 0 0 0
1687 1040 24 33 0 0 0 0 0 0
1553 924 96 132 0 0 0 0 0 0
1740 1030 27 32 0 0 0 0 0 0
1804 1038 20 29 0 0 0 0 0 0
1896 999 46 54 0 0 0 0 0 0
1980 957 50 64 0 0 0 0 0 0
2395 1005 22 28 0 0 0 0 0 0
2298 1018 21 25 0 0 0 0 0 0
2/0730.jpg
3
2001 1362 172 223 0 0 0 0 0 0
3672 1449 196 254 0 0 0 0 0 0
1714 1504 104 152 0 0 0 0 0 0
2/0732.jpg
1
1026 436 764 1053 0 0 0 0 0 0
2/0768.jpg
9
724 1556 201 278 0 0 0 0 0 0
979 1635 184 204 0 0 0 0 0 0
1495 1785 101 123 0 0 0 0 0 0
2086 1737 146 187 0 0 0 0 0 0
4272 1797 65 74 0 0 0 0 0 0
3493 1777 141 172 0 0 0 0 0 0
3056 1777 141 171 0 0 0 0 0 0
3711 1680 108 182 0 0 0 0 0 0
2883 1879 124 133 0 0 0 0 0 0
2/0770.jpg
1
1805 1121 262 349 0 0 0 0 0 0
2/0776.jpg
8
331 1071 235 273 0 0 0 0 0 0
1019 1021 199 276 0 0 0 0 0 0
1400 1056 210 284 0 0 0 0 0 0
2216 887 204 298 0 0 0 0 0 0
2577 1030 233 331 0 0 0 0 0 0
2842 1203 217 250 0 0 0 0 0 0
3579 1033 222 285 0 0 0 0 0 0
4023 1108 73 273 0 0 0 0 0 0
2/0778.jpg
1
1167 900 570 666 0 0 0 0 0 0
2/0782.jpg
1
2109 823 282 295 0 0 0 0 0 0
2/0789.jpg
1
1533 1600 350 399 0 0 0 0 0 0
2/0834.jpg
5
1619 2069 101 149 0 0 0 0 0 0
2711 1972 87 117 0 0 0 0 0 0
3706 2114 350 424 0 0 0 0 0 0
2285 2091 103 169 0 0 0 0 0 0
2064 2052 113 119 0 0 0 0 0 0
2/0845.jpg
1
441 1084 141 174 0 0 0 0 0 0
2/0850.jpg
1
2049 1293 583 685 0 0 0 0 0 0
2/0851.jpg
1
2629 1787 175 229 0 0 0 0 0 0
2/0854.jpg
1
473 733 148 212 0 0 0 0 0 0
2/0857.png
1
1374 1483 157 183 0 0 0 0 0 0
2/0865.jpg
8
0 1539 27 71 0 0 0 0 0 0
2038 1567 25 31 0 0 0 0 0 0
1525 1563 18 21 0 0 0 0 0 0
1593 1569 12 17 0 0 0 0 0 0
1685 1570 17 18 0 0 0 0 0 0
1760 1596 15 14 0 0 0 0 0 0
1612 1580 11 12 0 0 0 0 0 0
1567 1579 13 15 0 0 0 0 0 0
2/0868.jpg
2
1668 1399 98 153 0 0 0 0 0 0
1313 1450 108 126 0 0 0 0 0 0
2/0894.jpg
1
1211 986 448 599 0 0 0 0 0 0
2/0909.jpg
15
1889 686 1069 1396 0 0 0 0 0 0
3320 1428 170 207 0 0 0 0 0 0
3867 1529 112 153 0 0 0 0 0 0
3619 1405 98 122 0 0 0 0 0 0
978 1292 161 219 0 0 0 0 0 0
1532 1364 120 109 0 0 0 0 0 0
1715 1295 60 68 0 0 0 0 0 0
1286 1198 59 86 0 0 0 0 0 0
1431 1274 41 46 0 0 0 0 0 0
1871 1307 34 55 0 0 0 0 0 0
434 1154 38 62 0 0 0 0 0 0
483 1172 55 69 0 0 0 0 0 0
872 1301 101 132 0 0 0 0 0 0
289 1177 57 69 0 0 0 0 0 0
680 1257 79 120 0 0 0 0 0 0
3/0004.jpg
1
1474 551 170 231 0 0 0 0 0 0
3/0007.jpg
1
540 391 304 404 0 0 0 0 0 0
3/0017.jpg
1
1108 458 391 540 0 0 0 0 0 0
3/0018.jpg
1
1090 1450 315 363 0 0 0 0 0 0
3/0025.jpg
1
1283 1343 398 597 0 0 0 0 0 0
3/0042.jpg
1
1081 944 243 314 0 0 0 0 0 0
3/0045.jpg
1
448 630 242 265 0 0 0 0 0 0
3/0047.jpg
1
457 471 167 207 0 0 0 0 0 0
3/0080.jpg
6
109 793 57 59 0 0 0 0 0 0
530 792 25 55 0 0 0 0 0 0
850 790 40 54 0 0 0 0 0 0
1069 756 43 62 0 0 0 0 0 0
1126 738 51 72 0 0 0 0 0 0
2197 898 11 13 0 0 0 0 0 0
3/0082.jpg
6
1137 444 44 68 0 0 0 0 0 0
556 472 26 34 0 0 0 0 0 0
759 428 78 123 0 0 0 0 0 0
1506 477 21 21 0 0 0 0 0 0
1409 493 17 21 0 0 0 0 0 0
1372 486 21 23 0 0 0 0 0 0
3/0088.jpg
1
1584 950 266 320 0 0 0 0 0 0
3/0124.jpg
1
690 370 277 287 0 0 0 0 0 0
3/0137.jpg
3
1243 1495 47 53 0 0 0 0 0 0
1660 1467 43 48 0 0 0 0 0 0
2594 1314 18 23 0 0 0 0 0 0
3/0163.jpg
54
5 1578 79 119 0 0 0 0 0 0
211 1577 140 149 0 0 0 0 0 0
536 1610 46 63 0 0 0 0 0 0
462 1577 28 41 0 0 0 0 0 0
573 1563 32 40 0 0 0 0 0 0
643 1570 37 40 0 0 0 0 0 0
612 1545 25 30 0 0 0 0 0 0
701 1591 27 38 0 0 0 0 0 0
751 1561 17 24 0 0 0 0 0 0
799 1578 29 28 0 0 0 0 0 0
930 1482 56 93 0 0 0 0 0 0
1067 1558 68 85 0 0 0 0 0 0
1134 1553 27 48 0 0 0 0 0 0
1239 1544 35 41 0 0 0 0 0 0
1301 1572 22 27 0 0 0 0 0 0
1393 1570 33 43 0 0 0 0 0 0
1429 1554 26 29 0 0 0 0 0 0
1480 1562 26 35 0 0 0 0 0 0
1530 1571 23 29 0 0 0 0 0 0
1597 1586 31 37 0 0 0 0 0 0
1679 1597 26 34 0 0 0 0 0 0
1742 1576 23 29 0 0 0 0 0 0
1772 1590 30 43 0 0 0 0 0 0
1716 1653 50 70 0 0 0 0 0 0
1818 1562 13 17 0 0 0 0 0 0
1869 1553 27 37 0 0 0 0 0 0
1928 1552 34 44 0 0 0 0 0 0
1998 1532 35 53 0 0 0 0 0 0
2153 1566 22 41 0 0 0 0 0 0
2231 1564 26 37 0 0 0 0 0 0
2289 1562 28 35 0 0 0 0 0 0
2423 1616 79 100 0 0 0 0 0 0
2734 1565 31 58 0 0 0 0 0 0
2779 1557 35 61 0 0 0 0 0 0
3026 1550 45 53 0 0 0 0 0 0
3387 1576 50 83 0 0 0 0 0 0
92 1572 48 58 0 0 0 0 0 0
409 1623 68 79 0 0 0 0 0 0
370 1566 20 39 0 0 0 0 0 0
785 1552 20 23 0 0 0 0 0 0
511 1572 14 24 0 0 0 0 0 0
529 1571 17 24 0 0 0 0 0 0
423 1568 19 27 0 0 0 0 0 0
1206 1574 27 29 0 0 0 0 0 0
1722 1576 18 25 0 0 0 0 0 0
1193 1571 13 15 0 0 0 0 0 0
560 1549 23 27 0 0 0 0 0 0
536 1561 18 22 0 0 0 0 0 0
500 1563 12 18 0 0 0 0 0 0
480 1563 15 19 0 0 0 0 0 0
1346 1569 11 15 0 0 0 0 0 0
1329 1564 8 15 0 0 0 0 0 0
1319 1562 11 15 0 0 0 0 0 0
1514 1569 9 13 0 0 0 0 0 0
3/0167.jpg
1
1642 620 271 361 0 0 0 0 0 0
3/0194.jpg
3
851 1045 87 109 0 0 0 0 0 0
1167 1057 104 134 0 0 0 0 0 0
1599 1060 15 20 0 0 0 0 0 0
3/0198.jpg
4
543 595 7 7 0 0 0 0 0 0
518 600 9 10 0 0 0 0 0 0
491 593 6 6 0 0 0 0 0 0
474 595 6 6 0 0 0 0 0 0
3/0201.jpg
1
2328 1313 192 230 0 0 0 0 0 0
3/0215.jpg
1
2425 1402 125 239 0 0 0 0 0 0
3/0229.jpg
1
458 532 242 317 0 0 0 0 0 0
3/0236.jpg
1
1323 1275 196 214 0 0 0 0 0 0
3/0238.png
1
1168 816 125 159 0 0 0 0 0 0
3/0242.jpg
1
272 568 352 444 0 0 0 0 0 0
3/0257.jpg
9
107 1212 191 264 0 0 0 0 0 0
542 1344 191 258 0 0 0 0 0 0
1320 1086 222 258 0 0 0 0 0 0
1969 1091 211 273 0 0 0 0 0 0
2344 1128 206 285 0 0 0 0 0 0
3194 966 205 300 0 0 0 0 0 0
3381 1288 170 301 0 0 0 0 0 0
3546 1118 203 284 0 0 0 0 0 0
3973 1258 123 257 0 0 0 0 0 0
3/0271.jpg
1
381 616 102 157 0 0 0 0 0 0
3/0274.jpg
2
1343 770 473 613 0 0 0 0 0 0
2433 497 403 501 0 0 0 0 0 0
3/0279.jpg
1
1572 945 472 545 0 0 0 0 0 0
3/0288.jpg
1
377 553 472 576 0 0 0 0 0 0
3/0299.jpg
5
2558 1644 53 63 0 0 0 0 0 0
2804 1650 26 39 0 0 0 0 0 0
3137 1665 31 35 0 0 0 0 0 0
376 1482 168 333 0 0 0 0 0 0
2504 1667 35 63 0 0 0 0 0 0
3/0304.jpg
1
344 535 177 243 0 0 0 0 0 0
3/0306.jpg
1
2309 1670 214 280 0 0 0 0 0 0
3/0336.jpg
1
1922 701 179 249 0 0 0 0 0 0
3/0341.jpg
1
1508 1049 44 53 0 0 0 0 0 0
3/0346.jpg
1
496 553 212 252 0 0 0 0 0 0
3/0354.jpg
1
1393 229 446 599 0 0 0 0 0 0
3/0358.jpg
1
1184 212 66 82 0 0 0 0 0 0
3/0390.jpg
3
1074 494 908 1089 0 0 0 0 0 0
1009 1428 363 447 0 0 0 0 0 0
101 1737 107 150 0 0 0 0 0 0
3/0391.jpg
4
522 1035 163 185 0 0 0 0 0 0
1761 1066 16 25 0 0 0 0 0 0
1810 1097 9 10 0 0 0 0 0 0
1792 1096 7 11 0 0 0 0 0 0
3/0424.jpg
1
1692 2229 483 630 0 0 0 0 0 0
3/0426.jpg
1
683 859 762 903 0 0 0 0 0 0
3/0427.jpg
1
914 469 140 170 0 0 0 0 0 0
3/0433.jpg
7
1640 2134 392 427 0 0 0 0 0 0
196 2105 166 171 0 0 0 0 0 0
1053 1984 135 149 0 0 0 0 0 0
2409 1914 121 126 0 0 0 0 0 0
2819 1765 160 193 0 0 0 0 0 0
655 2167 271 181 0 0 0 0 0 0
485 2089 88 99 0 0 0 0 0 0
3/0435.jpg
1
373 215 648 911 0 0 0 0 0 0
3/0436.jpg
1
1426 1469 274 298 0 0 0 0 0 0
3/0455.jpg
4
646 848 41 46 0 0 0 0 0 0
252 860 26 32 0 0 0 0 0 0
37 863 29 32 0 0 0 0 0 0
1647 769 10 15 0 0 0 0 0 0
3/0461.jpg
11
2142 1230 140 179 0 0 0 0 0 0
1940 1343 30 38 0 0 0 0 0 0
1997 1368 25 34 0 0 0 0 0 0
2056 1368 27 31 0 0 0 0 0 0
1359 1369 18 18 0 0 0 0 0 0
1593 1353 8 11 0 0 0 0 0 0
1579 1353 7 11 0 0 0 0 0 0
1435 1359 11 11 0 0 0 0 0 0
1377 1353 10 11 0 0 0 0 0 0
2307 1384 8 9 0 0 0 0 0 0
2270 1375 10 13 0 0 0 0 0 0
3/0468.jpg
4
264 1226 202 286 0 0 0 0 0 0
2505 1386 34 50 0 0 0 0 0 0
2855 1388 23 44 0 0 0 0 0 0
1744 1292 71 197 0 0 0 0 0 0
3/0482.jpg
1
1396 1519 34 41 0 0 0 0 0 0
3/0501.jpg
1
1608 2131 408 518 0 0 0 0 0 0
3/0509.jpg
1
535 667 343 482 0 0 0 0 0 0
3/0529.jpg
1
1456 694 340 453 0 0 0 0 0 0
3/0534.jpg
1
1665 725 244 315 0 0 0 0 0 0
3/0537.jpg
1
412 594 494 706 0 0 0 0 0 0
3/0545.png
5
1331 391 39 48 0 0 0 0 0 0
1001 474 24 26 0 0 0 0 0 0
931 243 46 73 0 0 0 0 0 0
458 351 32 38 0 0 0 0 0 0
609 264 44 55 0 0 0 0 0 0
3/0587.jpg
1
512 785 53 56 0 0 0 0 0 0
3/0591.png
2
2374 441 551 703 0 0 0 0 0 0
3 510 379 555 0 0 0 0 0 0
3/0596.jpg
3
1513 1673 69 94 0 0 0 0 0 0
1349 1843 70 76 0 0 0 0 0 0
1672 1839 56 68 0 0 0 0 0 0
3/0603.jpg
3
463 847 23 29 0 0 0 0 0 0
401 844 24 29 0 0 0 0 0 0
1135 796 87 88 0 0 0 0 0 0
3/0608.jpg
2
269 495 113 163 0 0 0 0 0 0
495 381 124 173 0 0 0 0 0 0
3/0626.jpg
1
1255 1616 27 37 0 0 0 0 0 0
3/0634.jpg
1
1274 1528 308 385 0 0 0 0 0 0
3/0639.jpg
4
484 1220 15 22 0 0 0 0 0 0
309 1141 15 23 0 0 0 0 0 0
415 1158 10 25 0 0 0 0 0 0
992 1145 6 10 0 0 0 0 0 0
3/0641.jpg
6
134 270 57 70 0 0 0 0 0 0
482 264 66 77 0 0 0 0 0 0
753 289 47 62 0 0 0 0 0 0
1145 242 47 52 0 0 0 0 0 0
1413 215 43 41 0 0 0 0 0 0
1310 238 50 55 0 0 0 0 0 0
3/0645.jpg
1
1458 2210 272 376 0 0 0 0 0 0
3/0674.jpg
1
1480 1674 437 491 0 0 0 0 0 0
3/0683.jpg
2
2109 0 754 576 0 0 0 0 0 0
754 737 148 249 0 0 0 0 0 0
3/0685.jpg
1
1929 1564 208 239 0 0 0 0 0 0
3/0686.jpg
1
1110 1325 223 291 0 0 0 0 0 0
3/0688.jpg
1
652 636 35 32 0 0 0 0 0 0
3/0701.jpg
3
1570 864 208 273 0 0 0 0 0 0
2548 1033 155 117 0 0 0 0 0 0
3538 1078 111 140 0 0 0 0 0 0
3/0709.jpg
3
394 1229 100 129 0 0 0 0 0 0
1399 961 145 174 0 0 0 0 0 0
1867 957 165 205 0 0 0 0 0 0
3/0719.jpg
2
1049 611 36 47 0 0 0 0 0 0
1542 645 32 37 0 0 0 0 0 0
3/0728.jpg
2
930 762 42 47 0 0 0 0 0 0
1246 680 17 29 0 0 0 0 0 0
3/0731.jpg
1
774 685 39 44 0 0 0 0 0 0
3/0734.jpg
1
1025 570 311 391 0 0 0 0 0 0
3/0738.jpg
4
240 185 77 101 0 0 0 0 0 0
680 133 93 109 0 0 0 0 0 0
1428 231 40 57 0 0 0 0 0 0
2151 332 156 156 0 0 0 0 0 0
3/0751.png
1
1880 759 743 572 0 0 0 0 0 0
3/0754.png
1
1063 1420 355 389 0 0 0 0 0 0
3/0761.jpg
1
390 457 313 383 0 0 0 0 0 0
3/0762.jpg
43
447 1370 112 131 0 0 0 0 0 0
700 1332 53 73 0 0 0 0 0 0
309 1403 38 47 0 0 0 0 0 0
891 1352 37 47 0 0 0 0 0 0
1157 1383 29 42 0 0 0 0 0 0
1682 1307 41 75 0 0 0 0 0 0
1917 1338 22 32 0 0 0 0 0 0
1992 1391 16 18 0 0 0 0 0 0
2041 1351 12 19 0 0 0 0 0 0
1496 815 14 17 0 0 0 0 0 0
2149 945 12 18 0 0 0 0 0 0
2317 1288 76 86 0 0 0 0 0 0
2588 1324 70 85 0 0 0 0 0 0
2800 1296 38 52 0 0 0 0 0 0
2468 1267 23 55 0 0 0 0 0 0
2496 1301 26 36 0 0 0 0 0 0
2538 1316 19 32 0 0 0 0 0 0
2660 1290 23 27 0 0 0 0 0 0
2856 1292 19 25 0 0 0 0 0 0
2834 1286 17 19 0 0 0 0 0 0
2886 1303 19 18 0 0 0 0 0 0
2905 1289 13 21 0 0 0 0 0 0
2935 1288 27 33 0 0 0 0 0 0
2919 1316 37 46 0 0 0 0 0 0
2996 1307 24 28 0 0 0 0 0 0
3024 1299 29 27 0 0 0 0 0 0
3063 1290 22 29 0 0 0 0 0 0
3117 1261 25 32 0 0 0 0 0 0
3158 1276 22 24 0 0 0 0 0 0
3186 1284 19 20 0 0 0 0 0 0
3249 1279 26 30 0 0 0 0 0 0
3152 1294 22 28 0 0 0 0 0 0
3331 1139 187 221 0 0 0 0 0 0
3555 1277 40 47 0 0 0 0 0 0
3616 1257 24 34 0 0 0 0 0 0
3722 1269 39 46 0 0 0 0 0 0
3792 1284 47 60 0 0 0 0 0 0
3696 1268 23 33 0 0 0 0 0 0
3881 1203 68 77 0 0 0 0 0 0
2112 992 12 18 0 0 0 0 0 0
3219 1268 19 26 0 0 0 0 0 0
3649 1280 22 22 0 0 0 0 0 0
3700 1243 26 20 0 0 0 0 0 0
3/0767.jpg
1
2517 1747 620 609 0 0 0 0 0 0
3/0774.png
3
1568 1721 307 402 0 0 0 0 0 0
2034 1442 16 23 0 0 0 0 0 0
2012 1451 8 12 0 0 0 0 0 0
3/0803.jpg
5
1421 1253 92 119 0 0 0 0 0 0
1090 1545 79 113 0 0 0 0 0 0
1890 1539 103 118 0 0 0 0 0 0
2249 1517 109 121 0 0 0 0 0 0
2690 1464 141 170 0 0 0 0 0 0
3/0816.jpg
4
854 703 218 214 0 0 0 0 0 0
3030 438 15 20 0 0 0 0 0 0
3248 403 17 22 0 0 0 0 0 0
2613 188 11 12 0 0 0 0 0 0
3/0837.jpg
1
715 718 46 47 0 0 0 0 0 0
3/0844.jpg
1
1211 1119 391 503 0 0 0 0 0 0
3/0859.png
1
1213 480 528 635 0 0 0 0 0 0
3/0867.jpg
1
550 438 269 336 0 0 0 0 0 0
3/0888.jpg
1
1482 517 265 365 0 0 0 0 0 0
3/0897.jpg
1
539 368 331 361 0 0 0 0 0 0
3/0901.jpg
1
1140 800 639 828 0 0 0 0 0 0
3/0917.png
1
1080 553 408 543 0 0 0 0 0 0
4/0010.jpg
7
416 544 32 44 0 0 0 0 0 0
491 566 13 17 0 0 0 0 0 0
237 567 12 15 0 0 0 0 0 0
652 559 16 19 0 0 0 0 0 0
818 549 13 13 0 0 0 0 0 0
931 527 17 19 0 0 0 0 0 0
1018 527 17 19 0 0 0 0 0 0
4/0016.jpg
1
1402 1114 393 534 0 0 0 0 0 0
4/0023.jpg
1
648 767 136 161 0 0 0 0 0 0
4/0028.jpg
3
1931 2426 136 153 0 0 0 0 0 0
775 2491 57 72 0 0 0 0 0 0
917 2284 82 89 0 0 0 0 0 0
4/0036.jpg
8
1887 695 52 77 0 0 0 0 0 0
1326 749 32 40 0 0 0 0 0 0
1097 722 43 55 0 0 0 0 0 0
1184 741 33 38 0 0 0 0 0 0
944 745 25 31 0 0 0 0 0 0
701 735 26 34 0 0 0 0 0 0
825 762 18 21 0 0 0 0 0 0
2517 781 32 39 0 0 0 0 0 0
4/0038.jpg
1
497 1044 530 723 0 0 0 0 0 0
4/0064.jpg
3
1193 427 39 54 0 0 0 0 0 0
460 447 37 54 0 0 0 0 0 0
1327 446 11 15 0 0 0 0 0 0
4/0070.png
1
1162 1859 136 193 0 0 0 0 0 0
4/0102.jpg
46
142 428 45 61 0 0 0 0 0 0
195 526 39 54 0 0 0 0 0 0
248 586 44 58 0 0 0 0 0 0
239 716 48 57 0 0 0 0 0 0
381 705 44 55 0 0 0 0 0 0
495 684 45 62 0 0 0 0 0 0
632 689 44 56 0 0 0 0 0 0
769 699 38 54 0 0 0 0 0 0
888 710 38 47 0 0 0 0 0 0
999 712 39 51 0 0 0 0 0 0
1103 720 38 49 0 0 0 0 0 0
1228 724 37 50 0 0 0 0 0 0
1354 733 32 39 0 0 0 0 0 0
1411 725 35 42 0 0 0 0 0 0
1540 708 38 51 0 0 0 0 0 0
1289 648 35 50 0 0 0 0 0 0
1218 650 32 44 0 0 0 0 0 0
1108 643 33 41 0 0 0 0 0 0
1014 647 34 50 0 0 0 0 0 0
939 658 36 46 0 0 0 0 0 0
828 651 37 51 0 0 0 0 0 0
727 633 37 50 0 0 0 0 0 0
620 619 41 55 0 0 0 0 0 0
511 608 40 55 0 0 0 0 0 0
370 605 44 53 0 0 0 0 0 0
249 442 43 53 0 0 0 0 0 0
321 524 42 55 0 0 0 0 0 0
357 444 35 49 0 0 0 0 0 0
467 442 40 53 0 0 0 0 0 0
429 545 37 44 0 0 0 0 0 0
534 529 43 56 0 0 0 0 0 0
574 438 38 51 0 0 0 0 0 0
653 548 37 53 0 0 0 0 0 0
683 438 33 54 0 0 0 0 0 0
789 464 32 46 0 0 0 0 0 0
768 548 31 45 0 0 0 0 0 0
870 536 31 47 0 0 0 0 0 0
861 480 31 44 0 0 0 0 0 0
924 483 30 43 0 0 0 0 0 0
974 556 30 44 0 0 0 0 0 0
1014 503 30 43 0 0 0 0 0 0
1062 570 29 43 0 0 0 0 0 0
1137 568 32 43 0 0 0 0 0 0
1207 564 32 43 0 0 0 0 0 0
1158 518 29 42 0 0 0 0 0 0
1081 515 29 39 0 0 0 0 0 0
4/0104.jpg
6
765 560 22 31 0 0 0 0 0 0
857 581 17 21 0 0 0 0 0 0
428 572 11 17 0 0 0 0 0 0
459 579 16 24 0 0 0 0 0 0
389 583 7 8 0 0 0 0 0 0
507 577 10 11 0 0 0 0 0 0
4/0110.jpg
1
1630 1014 714 873 0 0 0 0 0 0
4/0122.jpg
6
1378 722 68 85 0 0 0 0 0 0
1915 814 61 83 0 0 0 0 0 0
2931 829 37 42 0 0 0 0 0 0
3114 839 41 44 0 0 0 0 0 0
3068 822 18 29 0 0 0 0 0 0
3449 826 17 19 0 0 0 0 0 0
4/0136.jpg
2
1965 577 168 206 0 0 0 0 0 0
2534 735 17 22 0 0 0 0 0 0
4/0149.jpg
2
847 479 38 47 0 0 0 0 0 0
962 513 36 48 0 0 0 0 0 0
4/0155.jpg
4
1251 1087 81 94 0 0 0 0 0 0
2983 1093 57 61 0 0 0 0 0 0
2956 929 33 37 0 0 0 0 0 0
3167 829 17 16 0 0 0 0 0 0
4/0157.jpg
1
1417 1344 60 73 0 0 0 0 0 0
4/0159.jpg
3
1168 480 68 92 0 0 0 0 0 0
1902 574 25 23 0 0 0 0 0 0
2080 451 85 105 0 0 0 0 0 0
4/0161.jpg
1
1966 1105 291 333 0 0 0 0 0 0
4/0165.jpg
1
1476 1314 566 775 0 0 0 0 0 0
4/0180.jpg
4
448 718 64 90 0 0 0 0 0 0
666 728 23 24 0 0 0 0 0 0
734 737 19 26 0 0 0 0 0 0
145 733 79 76 0 0 0 0 0 0
4/0235.jpg
10
2045 1432 34 46 0 0 0 0 0 0
2149 1439 29 35 0 0 0 0 0 0
1641 1446 24 33 0 0 0 0 0 0
1402 1474 19 29 0 0 0 0 0 0
1354 1478 21 25 0 0 0 0 0 0
1097 1492 10 13 0 0 0 0 0 0
2441 1429 25 36 0 0 0 0 0 0
2570 1452 22 31 0 0 0 0 0 0
1738 1455 20 36 0 0 0 0 0 0
1746 1432 22 31 0 0 0 0 0 0
4/0246.jpg
11
649 1465 49 53 0 0 0 0 0 0
707 1630 64 77 0 0 0 0 0 0
1019 1549 50 53 0 0 0 0 0 0
1101 1492 39 35 0 0 0 0 0 0
1447 1461 38 41 0 0 0 0 0 0
2460 1503 42 55 0 0 0 0 0 0
2181 1441 35 42 0 0 0 0 0 0
2082 1428 32 42 0 0 0 0 0 0
2072 1627 55 66 0 0 0 0 0 0
1876 1498 41 49 0 0 0 0 0 0
2960 1486 38 45 0 0 0 0 0 0
4/0256.jpg
2
784 459 48 55 0 0 0 0 0 0
981 485 48 59 0 0 0 0 0 0
4/0263.jpg
1
1064 1277 313 367 0 0 0 0 0 0
4/0270.jpg
1
3150 915 1245 1381 0 0 0 0 0 0
4/0301.jpg
1
1756 1298 174 212 0 0 0 0 0 0
4/0303.png
1
1454 1463 467 572 0 0 0 0 0 0
4/0308.jpg
1
499 546 169 220 0 0 0 0 0 0
4/0314.png
1
1414 1273 422 496 0 0 0 0 0 0
4/0338.jpg
7
1578 1849 113 147 0 0 0 0 0 0
1189 1867 107 138 0 0 0 0 0 0
934 1848 111 135 0 0 0 0 0 0
466 1889 37 153 0 0 0 0 0 0
374 1970 90 144 0 0 0 0 0 0
658 1929 106 124 0 0 0 0 0 0
3818 1814 55 42 0 0 0 0 0 0
4/0343.jpg
4
7 1490 240 250 0 0 0 0 0 0
452 1405 124 172 0 0 0 0 0 0
1070 1559 87 100 0 0 0 0 0 0
2442 1633 64 128 0 0 0 0 0 0
4/0369.jpg
3
859 439 40 53 0 0 0 0 0 0
839 449 33 55 0 0 0 0 0 0
674 457 44 43 0 0 0 0 0 0
4/0377.jpg
2
1316 1767 53 64 0 0 0 0 0 0
1066 1783 53 65 0 0 0 0 0 0
4/0387.jpg
1
1308 1140 234 326 0 0 0 0 0 0
4/0402.jpg
1
1554 902 133 149 0 0 0 0 0 0
4/0420.jpg
1
1014 1429 698 751 0 0 0 0 0 0
4/0422.jpg
3
2455 617 29 36 0 0 0 0 0 0
1032 1011 50 54 0 0 0 0 0 0
2306 1485 69 53 0 0 0 0 0 0
4/0425.jpg
2
1317 1260 49 65 0 0 0 0 0 0
890 1334 8 10 0 0 0 0 0 0
4/0428.jpg
1
2033 507 293 339 0 0 0 0 0 0
4/0437.jpg
1
1094 1082 860 1137 0 0 0 0 0 0
4/0439.jpg
1
1592 2003 352 451 0 0 0 0 0 0
4/0449.png
1
696 1463 1157 1558 0 0 0 0 0 0
4/0453.jpg
19
2119 1248 124 158 0 0 0 0 0 0
2759 1289 147 170 0 0 0 0 0 0
2063 908 72 83 0 0 0 0 0 0
2398 998 72 66 0 0 0 0 0 0
2613 940 65 77 0 0 0 0 0 0
1984 877 28 34 0 0 0 0 0 0
1966 855 30 32 0 0 0 0 0 0
1900 871 25 32 0 0 0 0 0 0
2715 896 36 42 0 0 0 0 0 0
3278 783 59 71 0 0 0 0 0 0
3643 910 58 68 0 0 0 0 0 0
3148 895 55 65 0 0 0 0 0 0
1726 844 38 93 0 0 0 0 0 0
1521 971 72 84 0 0 0 0 0 0
1780 888 13 28 0 0 0 0 0 0
362 872 20 42 0 0 0 0 0 0
2150 1064 46 127 0 0 0 0 0 0
3898 848 75 95 0 0 0 0 0 0
879 802 55 85 0 0 0 0 0 0
4/0462.jpg
2
1748 1340 53 69 0 0 0 0 0 0
2068 1353 52 72 0 0 0 0 0 0
4/0467.png
7
2837 1065 40 52 0 0 0 0 0 0
2722 1060 23 43 0 0 0 0 0 0
2426 1103 33 37 0 0 0 0 0 0
2641 1079 22 34 0 0 0 0 0 0
2676 1062 25 32 0 0 0 0 0 0
2167 1073 50 64 0 0 0 0 0 0
2037 1110 46 56 0 0 0 0 0 0
4/0475.jpg
3
1914 486 57 115 0 0 0 0 0 0
3036 424 9 14 0 0 0 0 0 0
2501 493 10 18 0 0 0 0 0 0
4/0476.jpg
12
2089 1834 75 97 0 0 0 0 0 0
2084 1696 90 116 0 0 0 0 0 0
2199 1650 77 81 0 0 0 0 0 0
2264 1626 58 76 0 0 0 0 0 0
2312 1558 51 73 0 0 0 0 0 0
463 1461 80 115 0 0 0 0 0 0
1491 1465 23 44 0 0 0 0 0 0
248 1464 80 97 0 0 0 0 0 0
2426 1561 43 52 0 0 0 0 0 0
2534 1630 31 43 0 0 0 0 0 0
2496 1571 39 47 0 0 0 0 0 0
2554 1543 36 39 0 0 0 0 0 0
4/0484.jpg
1
2007 812 175 251 0 0 0 0 0 0
4/0488.jpg
2
1230 926 46 60 0 0 0 0 0 0
1420 894 48 70 0 0 0 0 0 0
4/0489.png
1
1245 1566 285 336 0 0 0 0 0 0
4/0508.jpg
1
2407 795 333 369 0 0 0 0 0 0
4/0527.jpg
1
809 1477 328 421 0 0 0 0 0 0
4/0538.png
3
497 66 45 52 0 0 0 0 0 0
315 66 48 57 0 0 0 0 0 0
133 76 41 54 0 0 0 0 0 0
4/0549.jpg
1
870 1486 398 488 0 0 0 0 0 0
4/0551.jpg
1
852 494 179 247 0 0 0 0 0 0
4/0566.jpg
1
710 1783 386 448 0 0 0 0 0 0
4/0580.jpg
1
1305 1788 255 271 0 0 0 0 0 0
4/0589.jpg
1
412 561 168 221 0 0 0 0 0 0
4/0592.png
2
412 861 476 699 0 0 0 0 0 0
3090 823 341 453 0 0 0 0 0 0
4/0599.jpg
5
614 625 35 37 0 0 0 0 0 0
781 643 26 36 0 0 0 0 0 0
1218 542 15 23 0 0 0 0 0 0
789 572 12 14 0 0 0 0 0 0
577 673 18 22 0 0 0 0 0 0
4/0604.jpg
4
1868 888 84 123 0 0 0 0 0 0
1126 641 29 37 0 0 0 0 0 0
1071 692 29 30 0 0 0 0 0 0
790 621 25 31 0 0 0 0 0 0
4/0611.jpg
1
641 1383 252 307 0 0 0 0 0 0
4/0618.jpg
1
1635 915 227 315 0 0 0 0 0 0
4/0623.jpg
1
444 231 64 72 0 0 0 0 0 0
4/0625.jpg
1
1611 1343 1071 1349 0 0 0 0 0 0
4/0638.jpg
1
1400 1068 647 820 0 0 0 0 0 0
4/0647.jpg
1
271 312 600 761 0 0 0 0 0 0
4/0649.jpg
1
2056 1067 255 302 0 0 0 0 0 0
4/0650.jpg
1
376 438 711 861 0 0 0 0 0 0
4/0663.jpg
1
2068 1098 330 445 0 0 0 0 0 0
4/0695.jpg
7
1437 754 55 83 0 0 0 0 0 0
2064 719 44 62 0 0 0 0 0 0
3164 865 39 56 0 0 0 0 0 0
2777 808 41 51 0 0 0 0 0 0
2632 828 46 70 0 0 0 0 0 0
3106 846 20 28 0 0 0 0 0 0
3146 856 15 22 0 0 0 0 0 0
4/0711.jpg
1
1551 1172 51 60 0 0 0 0 0 0
4/0720.jpg
4
272 62 177 212 0 0 0 0 0 0
1508 339 76 135 0 0 0 0 0 0
2000 730 71 96 0 0 0 0 0 0
2031 176 140 192 0 0 0 0 0 0
4/0723.jpg
1
1736 795 388 420 0 0 0 0 0 0
4/0726.jpg
4
3271 645 59 62 0 0 0 0 0 0
2808 623 29 31 0 0 0 0 0 0
2681 661 23 24 0 0 0 0 0 0
2619 644 16 17 0 0 0 0 0 0
4/0727.png
1
1006 1566 284 351 0 0 0 0 0 0
4/0742.jpg
1
1354 1634 446 527 0 0 0 0 0 0
4/0745.jpg
3
1319 1809 245 311 0 0 0 0 0 0
2659 986 272 337 0 0 0 0 0 0
4792 1404 172 296 0 0 0 0 0 0
4/0764.jpg
1
759 1124 261 353 0 0 0 0 0 0
4/0773.jpg
32
1090 629 53 55 0 0 0 0 0 0
1206 538 61 87 0 0 0 0 0 0
1406 590 51 45 0 0 0 0 0 0
298 747 76 61 0 0 0 0 0 0
412 683 49 74 0 0 0 0 0 0
521 496 41 63 0 0 0 0 0 0
755 485 17 18 0 0 0 0 0 0
380 502 11 21 0 0 0 0 0 0
460 509 20 30 0 0 0 0 0 0
273 529 24 48 0 0 0 0 0 0
140 541 22 35 0 0 0 0 0 0
185 537 29 37 0 0 0 0 0 0
840 486 70 103 0 0 0 0 0 0
1187 472 16 19 0 0 0 0 0 0
1445 466 12 14 0 0 0 0 0 0
1298 483 8 11 0 0 0 0 0 0
1478 477 9 16 0 0 0 0 0 0
443 468 18 23 0 0 0 0 0 0
496 441 7 9 0 0 0 0 0 0
503 448 9 11 0 0 0 0 0 0
564 448 6 10 0 0 0 0 0 0
375 439 7 9 0 0 0 0 0 0
183 438 9 13 0 0 0 0 0 0
203 451 8 11 0 0 0 0 0 0
37 448 9 13 0 0 0 0 0 0
255 437 9 10 0 0 0 0 0 0
244 458 9 13 0 0 0 0 0 0
106 442 7 9 0 0 0 0 0 0
151 434 7 9 0 0 0 0 0 0
162 445 9 13 0 0 0 0 0 0
90 478 17 26 0 0 0 0 0 0
532 444 10 10 0 0 0 0 0 0
4/0779.png
1
1601 1500 112 154 0 0 0 0 0 0
4/0809.jpg
11
362 594 36 48 0 0 0 0 0 0
437 597 22 28 0 0 0 0 0 0
798 569 14 22 0 0 0 0 0 0
1027 562 16 22 0 0 0 0 0 0
1068 576 15 18 0 0 0 0 0 0
1201 562 13 17 0 0 0 0 0 0
1309 564 16 24 0 0 0 0 0 0
1402 555 9 10 0 0 0 0 0 0
1361 558 3 6 0 0 0 0 0 0
1392 551 4 8 0 0 0 0 0 0
1361 559 5 8 0 0 0 0 0 0
4/0819.png
1
3611 1962 85 119 0 0 0 0 0 0
4/0827.jpg
9
3188 1154 71 85 0 0 0 0 0 0
3882 1228 84 95 0 0 0 0 0 0
3707 1190 92 115 0 0 0 0 0 0
1017 1318 52 72 0 0 0 0 0 0
780 1276 23 31 0 0 0 0 0 0
1776 1249 19 27 0 0 0 0 0 0
1888 1255 17 23 0 0 0 0 0 0
2069 1244 18 24 0 0 0 0 0 0
2177 1248 15 23 0 0 0 0 0 0
4/0831.jpg
1
1421 1759 542 739 0 0 0 0 0 0
4/0840.jpg
2
1146 877 406 496 0 0 0 0 0 0
2915 1872 521 568 0 0 0 0 0 0
4/0855.jpg
12
1942 1784 126 191 0 0 0 0 0 0
2777 1799 58 80 0 0 0 0 0 0
2312 2008 41 50 0 0 0 0 0 0
2450 2079 45 53 0 0 0 0 0 0
2587 1852 37 44 0 0 0 0 0 0
3759 1805 104 117 0 0 0 0 0 0
3491 1859 44 54 0 0 0 0 0 0
3075 1795 46 55 0 0 0 0 0 0
3187 1831 48 51 0 0 0 0 0 0
2543 1822 28 41 0 0 0 0 0 0
2892 1862 42 58 0 0 0 0 0 0
2970 1892 34 60 0 0 0 0 0 0
4/0880.png
2
639 72 136 180 0 0 0 0 0 0
1437 410 130 159 0 0 0 0 0 0
4/0885.jpg
1
1213 1722 353 515 0 0 0 0 0 0
4/0891.png
2
1555 841 342 385 0 0 0 0 0 0
2444 473 484 614 0 0 0 0 0 0
4/0911.png
1
1632 1041 268 350 0 0 0 0 0 0
4/0916.jpg
1
1277 1622 1181 1279 0 0 0 0 0 0
5/0014.jpg
4
1917 1539 75 110 0 0 0 0 0 0
1542 1735 9 7 0 0 0 0 0 0
1465 1726 7 13 0 0 0 0 0 0
1329 1732 8 12 0 0 0 0 0 0
5/0024.png
1
1163 253 722 996 0 0 0 0 0 0
5/0039.jpg
1
648 515 178 226 0 0 0 0 0 0
5/0041.png
1
1362 1454 452 488 0 0 0 0 0 0
5/0044.png
4
2872 862 38 46 0 0 0 0 0 0
2988 869 37 50 0 0 0 0 0 0
1764 833 29 36 0 0 0 0 0 0
1655 953 50 53 0 0 0 0 0 0
5/0051.jpg
7
3172 1954 59 82 0 0 0 0 0 0
3111 1985 53 68 0 0 0 0 0 0
4258 1954 59 118 0 0 0 0 0 0
4303 1987 57 84 0 0 0 0 0 0
4153 2034 71 90 0 0 0 0 0 0
1039 2048 39 52 0 0 0 0 0 0
1635 2073 37 36 0 0 0 0 0 0
5/0054.jpg
2
1566 669 140 164 0 0 0 0 0 0
230 744 161 219 0 0 0 0 0 0
5/0059.jpg
7
611 643 23 43 0 0 0 0 0 0
639 640 22 38 0 0 0 0 0 0
392 658 27 38 0 0 0 0 0 0
267 892 31 25 0 0 0 0 0 0
129 620 24 26 0 0 0 0 0 0
837 661 20 42 0 0 0 0 0 0
873 712 15 36 0 0 0 0 0 0
5/0065.jpg
5
2328 682 140 159 0 0 0 0 0 0
3601 1163 122 144 0 0 0 0 0 0
721 775 127 172 0 0 0 0 0 0
531 711 132 173 0 0 0 0 0 0
61 915 104 158 0 0 0 0 0 0
5/0081.jpg
1
468 660 355 479 0 0 0 0 0 0
5/0098.jpg
1
1494 971 86 100 0 0 0 0 0 0
5/0103.jpg
1
1817 2030 281 386 0 0 0 0 0 0
5/0105.jpg
3
396 658 35 40 0 0 0 0 0 0
585 692 55 58 0 0 0 0 0 0
870 682 16 16 0 0 0 0 0 0
5/0113.png
1
921 1524 1176 1403 0 0 0 0 0 0
5/0128.jpg
1
1015 758 725 993 0 0 0 0 0 0
5/0146.jpg
1
412 528 516 711 0 0 0 0 0 0
5/0154.jpg
1
340 777 639 537 0 0 0 0 0 0
5/0178.png
1
2376 645 521 641 0 0 0 0 0 0
5/0182.jpg
1
1189 941 744 904 0 0 0 0 0 0
5/0203.jpg
1
2549 1501 793 982 0 0 0 0 0 0
5/0209.png
1
1503 1497 768 961 0 0 0 0 0 0
5/0220.jpg
1
1270 1117 861 964 0 0 0 0 0 0
5/0253.jpg
1
1856 1613 73 93 0 0 0 0 0 0
5/0272.jpg
3
2193 2073 60 75 0 0 0 0 0 0
2440 2145 24 32 0 0 0 0 0 0
2104 2175 42 54 0 0 0 0 0 0
5/0273.jpg
4
2175 1006 157 225 0 0 0 0 0 0
3105 944 201 289 0 0 0 0 0 0
2841 879 57 71 0 0 0 0 0 0
1141 1033 51 64 0 0 0 0 0 0
5/0276.jpg
1
1617 636 244 332 0 0 0 0 0 0
5/0286.jpg
2
86 151 19 23 0 0 0 0 0 0
401 164 41 47 0 0 0 0 0 0
5/0287.png
1
2162 941 277 335 0 0 0 0 0 0
5/0295.jpg
2
868 468 25 32 0 0 0 0 0 0
958 481 23 33 0 0 0 0 0 0
5/0297.png
2
1627 2214 234 290 0 0 0 0 0 0
1789 1386 71 73 0 0 0 0 0 0
5/0317.jpg
1
384 638 399 533 0 0 0 0 0 0
5/0323.jpg
1
1421 1793 339 448 0 0 0 0 0 0
5/0331.jpg
3
2113 981 120 138 0 0 0 0 0 0
2631 1175 21 30 0 0 0 0 0 0
2998 1227 10 14 0 0 0 0 0 0
5/0357.jpg
1
232 242 179 251 0 0 0 0 0 0
5/0392.jpg
1
1436 346 605 818 0 0 0 0 0 0
5/0395.jpg
1
261 186 78 99 0 0 0 0 0 0
5/0398.jpg
1
1482 1263 447 558 0 0 0 0 0 0
5/0459.jpg
1
3691 2145 303 361 0 0 0 0 0 0
5/0474.png
2
479 789 430 582 0 0 0 0 0 0
1334 463 495 641 0 0 0 0 0 0
5/0480.jpg
6
1916 253 177 204 0 0 0 0 0 0
1478 317 147 175 0 0 0 0 0 0
108 352 128 140 0 0 0 0 0 0
775 308 92 145 0 0 0 0 0 0
1155 329 100 150 0 0 0 0 0 0
2445 452 83 96 0 0 0 0 0 0
5/0493.jpg
2
1619 1085 557 770 0 0 0 0 0 0
258 2006 407 511 0 0 0 0 0 0
5/0499.jpg
1
2032 1812 380 450 0 0 0 0 0 0
5/0516.jpg
6
407 1401 65 86 0 0 0 0 0 0
1005 1441 66 86 0 0 0 0 0 0
1555 1504 54 77 0 0 0 0 0 0
1862 1523 54 69 0 0 0 0 0 0
2267 1441 54 74 0 0 0 0 0 0
2982 1494 54 82 0 0 0 0 0 0
5/0521.jpg
5
385 2298 108 125 0 0 0 0 0 0
1424 2251 88 118 0 0 0 0 0 0
1005 2380 69 95 0 0 0 0 0 0
1193 2406 70 87 0 0 0 0 0 0
1614 2398 66 76 0 0 0 0 0 0
5/0528.jpg
3
971 1277 88 92 0 0 0 0 0 0
1303 1234 75 87 0 0 0 0 0 0
1646 1041 71 77 0 0 0 0 0 0
5/0531.jpg
2
329 336 25 32 0 0 0 0 0 0
451 318 13 33 0 0 0 0 0 0
5/0532.jpg
1
1481 1387 463 555 0 0 0 0 0 0
5/0547.jpg
3
2211 1139 74 167 0 0 0 0 0 0
2522 1287 59 69 0 0 0 0 0 0
2819 1314 14 28 0 0 0 0 0 0
5/0560.jpg
1
331 229 77 92 0 0 0 0 0 0
5/0561.png
1
1414 1376 291 383 0 0 0 0 0 0
5/0564.png
1
932 928 252 334 0 0 0 0 0 0
5/0570.jpg
1
902 834 436 421 0 0 0 0 0 0
5/0572.jpg
2
757 172 69 107 0 0 0 0 0 0
881 161 71 95 0 0 0 0 0 0
5/0581.jpg
1
1321 607 829 1116 0 0 0 0 0 0
5/0583.jpg
25
59 190 50 65 0 0 0 0 0 0
219 176 45 66 0 0 0 0 0 0
302 218 34 46 0 0 0 0 0 0
358 211 33 50 0 0 0 0 0 0
405 263 28 38 0 0 0 0 0 0
463 262 23 32 0 0 0 0 0 0
448 279 17 23 0 0 0 0 0 0
439 259 14 21 0 0 0 0 0 0
117 235 29 35 0 0 0 0 0 0
169 233 24 30 0 0 0 0 0 0
22 256 36 30 0 0 0 0 0 0
496 258 32 47 0 0 0 0 0 0
561 241 27 42 0 0 0 0 0 0
588 254 18 33 0 0 0 0 0 0
613 250 27 41 0 0 0 0 0 0
649 248 27 37 0 0 0 0 0 0
760 251 24 38 0 0 0 0 0 0
780 259 20 35 0 0 0 0 0 0
810 273 26 39 0 0 0 0 0 0
857 273 24 32 0 0 0 0 0 0
907 260 23 35 0 0 0 0 0 0
971 277 24 33 0 0 0 0 0 0
1009 269 23 36 0 0 0 0 0 0
991 294 20 34 0 0 0 0 0 0
666 272 20 29 0 0 0 0 0 0
5/0605.jpg
2
741 487 36 49 0 0 0 0 0 0
612 464 34 56 0 0 0 0 0 0
5/0615.jpg
1
977 1176 495 667 0 0 0 0 0 0
5/0616.jpg
5
1921 2424 108 123 0 0 0 0 0 0
200 2492 97 115 0 0 0 0 0 0
688 2464 98 113 0 0 0 0 0 0
919 2549 83 84 0 0 0 0 0 0
2884 2939 188 222 0 0 0 0 0 0
5/0620.jpg
3
725 516 14 23 0 0 0 0 0 0
701 528 13 20 0 0 0 0 0 0
1072 491 12 14 0 0 0 0 0 0
5/0621.jpg
1
1873 2467 97 115 0 0 0 0 0 0
5/0629.jpg
1
2954 2536 115 151 0 0 0 0 0 0
5/0643.jpg
1
1958 1956 855 1062 0 0 0 0 0 0
5/0644.jpg
4
567 1274 86 117 0 0 0 0 0 0
2112 1081 67 91 0 0 0 0 0 0
2272 1148 67 95 0 0 0 0 0 0
2597 1101 64 102 0 0 0 0 0 0
5/0659.jpg
18
1966 1662 75 101 0 0 0 0 0 0
1638 1747 60 82 0 0 0 0 0 0
1475 1884 27 30 0 0 0 0 0 0
1393 1898 12 15 0 0 0 0 0 0
1311 1900 17 19 0 0 0 0 0 0
1275 1886 23 29 0 0 0 0 0 0
1221 1908 22 28 0 0 0 0 0 0
1009 1932 21 29 0 0 0 0 0 0
1032 1925 15 22 0 0 0 0 0 0
735 1942 25 31 0 0 0 0 0 0
623 1939 29 39 0 0 0 0 0 0
555 1983 23 31 0 0 0 0 0 0
664 1962 19 22 0 0 0 0 0 0
26 1922 61 76 0 0 0 0 0 0
2499 1798 9 12 0 0 0 0 0 0
2515 1806 7 10 0 0 0 0 0 0
2563 1799 11 14 0 0 0 0 0 0
2641 1792 9 11 0 0 0 0 0 0
5/0668.jpg
3
883 1211 30 32 0 0 0 0 0 0
1360 1292 58 76 0 0 0 0 0 0
1648 1431 82 113 0 0 0 0 0 0
5/0680.jpg
2
2233 636 91 134 0 0 0 0 0 0
1499 520 31 42 0 0 0 0 0 0
5/0684.jpg
1
1314 1426 537 756 0 0 0 0 0 0
5/0687.jpg
9
718 2180 87 96 0 0 0 0 0 0
556 2207 76 103 0 0 0 0 0 0
1450 2234 74 113 0 0 0 0 0 0
1171 2200 84 87 0 0 0 0 0 0
1756 2214 83 121 0 0 0 0 0 0
2457 2263 93 103 0 0 0 0 0 0
2626 2342 80 105 0 0 0 0 0 0
2001 2213 74 100 0 0 0 0 0 0
975 2254 88 78 0 0 0 0 0 0
5/0689.jpg
1
762 803 777 980 0 0 0 0 0 0
5/0696.jpg
1
1748 2 1226 1917 0 0 0 0 0 0
5/0697.jpg
5
2085 1383 46 55 0 0 0 0 0 0
1992 1402 35 48 0 0 0 0 0 0
1884 1411 35 47 0 0 0 0 0 0
1397 1379 31 35 0 0 0 0 0 0
927 1356 31 28 0 0 0 0 0 0
5/0698.jpg
1
1669 1579 1415 1927 0 0 0 0 0 0
5/0739.png
1
1323 1096 310 349 0 0 0 0 0 0
5/0740.png
1
2562 1535 127 142 0 0 0 0 0 0
5/0744.png
2
929 996 1151 1196 0 0 0 0 0 0
155 1153 842 864 0 0 0 0 0 0
5/0759.jpg
6
1409 1650 27 35 0 0 0 0 0 0
1458 1660 27 33 0 0 0 0 0 0
1505 1645 28 38 0 0 0 0 0 0
990 1668 20 29 0 0 0 0 0 0
1329 1649 18 27 0 0 0 0 0 0
1120 1758 57 88 0 0 0 0 0 0
5/0771.png
1
1939 1008 489 542 0 0 0 0 0 0
5/0786.jpg
2
263 2473 560 652 0 0 0 0 0 0
2925 1670 385 596 0 0 0 0 0 0
5/0796.jpg
2
918 526 54 65 0 0 0 0 0 0
1045 589 44 52 0 0 0 0 0 0
5/0811.jpg
5
175 1447 67 81 0 0 0 0 0 0
505 1434 56 86 0 0 0 0 0 0
1327 1255 50 62 0 0 0 0 0 0
1545 1241 31 57 0 0 0 0 0 0
2175 1237 38 46 0 0 0 0 0 0
5/0825.jpg
1
1427 1085 744 902 0 0 0 0 0 0
5/0828.jpg
1
175 231 305 431 0 0 0 0 0 0
5/0848.jpg
1
1033 1289 184 212 0 0 0 0 0 0
5/0849.jpg
4
2521 932 107 96 0 0 0 0 0 0
2849 822 85 58 0 0 0 0 0 0
1062 723 92 79 0 0 0 0 0 0
1418 657 70 74 0 0 0 0 0 0
5/0860.jpg
4
358 576 52 55 0 0 0 0 0 0
950 518 46 64 0 0 0 0 0 0
1032 574 38 46 0 0 0 0 0 0
1196 575 37 44 0 0 0 0 0 0
5/0879.jpg
1
68 202 46 60 0 0 0 0 0 0
5/0884.jpg
1
1071 1582 868 1085 0 0 0 0 0 0
5/0893.jpg
5
1370 601 42 57 0 0 0 0 0 0
1121 635 50 55 0 0 0 0 0 0
413 601 43 60 0 0 0 0 0 0
518 584 49 60 0 0 0 0 0 0
609 563 50 67 0 0 0 0 0 0
5/0895.jpg
1
453 649 438 479 0 0 0 0 0 0
5/0898.png
1
1810 1278 196 248 0 0 0 0 0 0
5/0908.jpg
1
463 568 373 441 0 0 0 0 0 0
5/0913.jpg
1
753 722 165 165 0 0 0 0 0 0
6/0030.jpg
1
1804 931 669 620 0 0 0 0 0 0
6/0033.jpg
1
376 449 529 725 0 0 0 0 0 0
6/0040.jpg
3
1176 1619 145 191 0 0 0 0 0 0
3405 975 133 147 0 0 0 0 0 0
3013 1256 44 64 0 0 0 0 0 0
6/0071.jpg
1
189 343 382 475 0 0 0 0 0 0
6/0087.jpg
1
2959 2076 37 45 0 0 0 0 0 0
6/0092.jpg
1
524 550 399 544 0 0 0 0 0 0
6/0096.jpg
1
607 1070 732 1019 0 0 0 0 0 0
6/0117.jpg
14
1638 2655 74 75 0 0 0 0 0 0
1457 2644 74 100 0 0 0 0 0 0
945 2590 51 69 0 0 0 0 0 0
246 2774 95 112 0 0 0 0 0 0
688 2607 30 36 0 0 0 0 0 0
2176 2724 55 132 0 0 0 0 0 0
1419 2622 22 33 0 0 0 0 0 0
1452 2604 17 22 0 0 0 0 0 0
1554 2602 23 27 0 0 0 0 0 0
173 2602 63 75 0 0 0 0 0 0
1521 2617 19 21 0 0 0 0 0 0
1 2610 28 65 0 0 0 0 0 0
329 2616 66 79 0 0 0 0 0 0
2007 2622 35 30 0 0 0 0 0 0
6/0144.jpg
1
778 707 334 428 0 0 0 0 0 0
6/0153.jpg
1
392 2025 505 611 0 0 0 0 0 0
6/0160.jpg
1
899 1134 1099 1454 0 0 0 0 0 0
6/0169.jpg
3
1264 1361 61 84 0 0 0 0 0 0
370 1195 86 101 0 0 0 0 0 0
1905 1350 66 75 0 0 0 0 0 0
6/0174.png
1
2120 800 485 587 0 0 0 0 0 0
6/0183.jpg
1
388 218 22 25 0 0 0 0 0 0
6/0186.jpg
1
1643 1396 209 257 0 0 0 0 0 0
6/0193.jpg
4
716 663 226 252 0 0 0 0 0 0
1716 624 161 207 0 0 0 0 0 0
2402 717 129 173 0 0 0 0 0 0
3193 629 110 136 0 0 0 0 0 0
6/0218.jpg
1
1203 1146 460 679 0 0 0 0 0 0
6/0225.jpg
6
800 1943 57 86 0 0 0 0 0 0
1020 1918 39 48 0 0 0 0 0 0
463 2008 45 73 0 0 0 0 0 0
1892 1956 37 46 0 0 0 0 0 0
1834 1961 30 37 0 0 0 0 0 0
2050 1938 35 47 0 0 0 0 0 0
6/0226.jpg
1
1150 1209 175 182 0 0 0 0 0 0
6/0232.png
1
539 404 731 852 0 0 0 0 0 0
6/0280.jpg
10
3083 1458 57 63 0 0 0 0 0 0
62 1701 249 431 0 0 0 0 0 0
1055 1618 74 91 0 0 0 0 0 0
2526 1684 59 151 0 0 0 0 0 0
522 1653 70 116 0 0 0 0 0 0
614 1563 45 79 0 0 0 0 0 0
252 1820 127 212 0 0 0 0 0 0
1342 1637 42 85 0 0 0 0 0 0
956 1623 44 74 0 0 0 0 0 0
820 1782 81 150 0 0 0 0 0 0
6/0294.jpg
1
1659 1089 81 94 0 0 0 0 0 0
6/0296.jpg
1
694 987 111 139 0 0 0 0 0 0
6/0311.png
1
1366 1281 450 571 0 0 0 0 0 0
6/0322.jpg
5
466 681 22 26 0 0 0 0 0 0
215 694 16 19 0 0 0 0 0 0
271 688 12 16 0 0 0 0 0 0
176 682 17 20 0 0 0 0 0 0
123 699 11 13 0 0 0 0 0 0
6/0340.jpg
1
1663 1259 263 355 0 0 0 0 0 0
6/0344.jpg
2
1497 1214 53 63 0 0 0 0 0 0
1624 1200 46 60 0 0 0 0 0 0
6/0350.jpg
1
1475 2156 275 354 0 0 0 0 0 0
6/0361.jpg
1
1313 752 374 422 0 0 0 0 0 0
6/0366.jpg
1
413 289 556 714 0 0 0 0 0 0
6/0367.jpg
1
1529 1469 415 546 0 0 0 0 0 0
6/0371.jpg
1
1637 1187 40 60 0 0 0 0 0 0
6/0380.jpg
1
4051 1132 1211 1323 0 0 0 0 0 0
6/0389.jpg
9
853 808 20 27 0 0 0 0 0 0
1004 765 31 37 0 0 0 0 0 0
1103 815 21 25 0 0 0 0 0 0
1167 820 17 20 0 0 0 0 0 0
1276 825 19 27 0 0 0 0 0 0
1318 826 18 21 0 0 0 0 0 0
1361 836 19 24 0 0 0 0 0 0
1188 830 13 15 0 0 0 0 0 0
1387 842 10 13 0 0 0 0 0 0
6/0399.png
1
1339 1671 312 434 0 0 0 0 0 0
6/0430.jpg
2
1245 740 25 27 0 0 0 0 0 0
431 665 21 26 0 0 0 0 0 0
6/0443.jpg
1
502 300 564 781 0 0 0 0 0 0
6/0470.jpg
1
2203 827 553 674 0 0 0 0 0 0
6/0473.jpg
3
754 889 196 248 0 0 0 0 0 0
1742 972 204 201 0 0 0 0 0 0
2938 914 82 103 0 0 0 0 0 0
6/0487.jpg
1
654 1303 981 1418 0 0 0 0 0 0
6/0496.jpg
1
825 970 887 1120 0 0 0 0 0 0
6/0497.jpg
42
1081 830 60 71 0 0 0 0 0 0
952 817 22 28 0 0 0 0 0 0
832 834 26 30 0 0 0 0 0 0
681 829 28 45 0 0 0 0 0 0
144 782 35 118 0 0 0 0 0 0
296 849 26 28 0 0 0 0 0 0
625 842 19 25 0 0 0 0 0 0
2 866 39 41 0 0 0 0 0 0
79 796 18 19 0 0 0 0 0 0
358 805 22 28 0 0 0 0 0 0
445 808 19 27 0 0 0 0 0 0
426 814 13 17 0 0 0 0 0 0
136 805 11 15 0 0 0 0 0 0
783 797 14 17 0 0 0 0 0 0
743 814 13 14 0 0 0 0 0 0
289 713 12 12 0 0 0 0 0 0
336 743 9 11 0 0 0 0 0 0
350 763 10 12 0 0 0 0 0 0
381 731 10 11 0 0 0 0 0 0
403 800 12 17 0 0 0 0 0 0
468 807 14 22 0 0 0 0 0 0
458 713 10 14 0 0 0 0 0 0
470 720 10 11 0 0 0 0 0 0
491 773 9 14 0 0 0 0 0 0
555 797 9 14 0 0 0 0 0 0
571 802 13 18 0 0 0 0 0 0
623 815 13 17 0 0 0 0 0 0
651 807 13 15 0 0 0 0 0 0
813 756 11 13 0 0 0 0 0 0
741 778 11 14 0 0 0 0 0 0
674 762 12 13 0 0 0 0 0 0
500 723 9 10 0 0 0 0 0 0
607 738 10 14 0 0 0 0 0 0
582 718 10 11 0 0 0 0 0 0
591 715 9 12 0 0 0 0 0 0
659 741 10 12 0 0 0 0 0 0
709 711 12 12 0 0 0 0 0 0
771 719 12 12 0 0 0 0 0 0
817 722 10 12 0 0 0 0 0 0
886 716 11 14 0 0 0 0 0 0
730 717 9 12 0 0 0 0 0 0
748 726 10 10 0 0 0 0 0 0
6/0507.jpg
2
2780 1519 42 52 0 0 0 0 0 0
2848 1534 125 174 0 0 0 0 0 0
6/0511.jpg
3
1314 968 74 189 0 0 0 0 0 0
1283 619 69 77 0 0 0 0 0 0
0 740 29 35 0 0 0 0 0 0
6/0513.jpg
3
3056 1046 74 109 0 0 0 0 0 0
2133 1033 44 50 0 0 0 0 0 0
1978 1266 74 105 0 0 0 0 0 0
6/0517.jpg
1
742 776 576 665 0 0 0 0 0 0
6/0533.png
3
2230 1885 97 129 0 0 0 0 0 0
2571 1770 97 134 0 0 0 0 0 0
5960 2008 37 55 0 0 0 0 0 0
6/0535.jpg
1
866 809 895 1425 0 0 0 0 0 0
6/0540.jpg
1
348 236 532 732 0 0 0 0 0 0
6/0542.jpg
1
3090 942 258 353 0 0 0 0 0 0
6/0554.jpg
1
530 562 14 22 0 0 0 0 0 0
6/0557.jpg
1
1786 1353 75 102 0 0 0 0 0 0
6/0577.jpg
1
1179 1229 43 46 0 0 0 0 0 0
6/0588.png
1
3098 1447 62 77 0 0 0 0 0 0
6/0601.jpg
1
1229 929 753 931 0 0 0 0 0 0
6/0606.jpg
1
818 944 800 1160 0 0 0 0 0 0
6/0637.jpg
1
1177 1119 876 1193 0 0 0 0 0 0
6/0640.png
4
793 1379 219 306 0 0 0 0 0 0
2144 1661 30 31 0 0 0 0 0 0
2457 1661 10 12 0 0 0 0 0 0
2509 1652 12 12 0 0 0 0 0 0
6/0652.jpg
5
1044 1619 131 200 0 0 0 0 0 0
2393 1630 63 75 0 0 0 0 0 0
1833 1566 42 56 0 0 0 0 0 0
1764 1570 34 46 0 0 0 0 0 0
1946 1565 26 29 0 0 0 0 0 0
6/0655.jpg
1
1292 1031 284 364 0 0 0 0 0 0
6/0662.jpg
1
1193 721 935 1356 0 0 0 0 0 0
6/0679.jpg
1
1307 1895 476 700 0 0 0 0 0 0
6/0699.jpg
1
581 643 310 414 0 0 0 0 0 0
6/0700.jpg
1
2233 1313 335 422 0 0 0 0 0 0
6/0704.jpg
1
1474 1862 246 320 0 0 0 0 0 0
6/0705.jpg
1
1080 1722 222 275 0 0 0 0 0 0
6/0717.jpg
1
990 829 94 114 0 0 0 0 0 0
6/0718.jpg
9
231 1057 177 244 0 0 0 0 0 0
473 1202 157 209 0 0 0 0 0 0
824 1025 165 221 0 0 0 0 0 0
1504 954 162 209 0 0 0 0 0 0
1767 1058 65 176 0 0 0 0 0 0
2524 891 186 230 0 0 0 0 0 0
2941 828 176 231 0 0 0 0 0 0
3457 841 127 228 0 0 0 0 0 0
3595 731 174 268 0 0 0 0 0 0
6/0747.jpg
1
1155 1419 137 199 0 0 0 0 0 0
6/0748.jpg
1
243 147 58 66 0 0 0 0 0 0
6/0766.jpg
6
176 926 31 42 0 0 0 0 0 0
938 1110 47 102 0 0 0 0 0 0
1401 1125 75 108 0 0 0 0 0 0
1008 975 20 31 0 0 0 0 0 0
837 965 18 25 0 0 0 0 0 0
803 965 19 28 0 0 0 0 0 0
6/0775.png
1
1247 1548 114 150 0 0 0 0 0 0
6/0781.png
2
2028 2124 96 114 0 0 0 0 0 0
2355 2151 94 110 0 0 0 0 0 0
6/0784.jpg
1
2395 1300 266 348 0 0 0 0 0 0
6/0785.jpg
1
591 481 260 311 0 0 0 0 0 0
6/0792.jpg
1
2250 837 192 295 0 0 0 0 0 0
6/0794.jpg
1
469 666 185 212 0 0 0 0 0 0
6/0800.jpg
2
1242 396 188 288 0 0 0 0 0 0
1705 382 167 262 0 0 0 0 0 0
6/0808.jpg
1
103 65 54 70 0 0 0 0 0 0
6/0813.jpg
1
665 1302 666 802 0 0 0 0 0 0
6/0818.jpg
5
503 654 26 46 0 0 0 0 0 0
555 657 26 35 0 0 0 0 0 0
157 633 23 24 0 0 0 0 0 0
262 694 30 43 0 0 0 0 0 0
981 668 18 32 0 0 0 0 0 0
6/0820.jpg
1
479 903 298 391 0 0 0 0 0 0
6/0846.png
1
1221 1714 282 338 0 0 0 0 0 0
6/0861.jpg
1
1205 1619 484 550 0 0 0 0 0 0
6/0869.jpg
1
467 399 536 721 0 0 0 0 0 0
6/0871.jpg
1
1423 521 552 768 0 0 0 0 0 0
6/0875.jpg
6
348 1763 143 166 0 0 0 0 0 0
3576 1663 106 139 0 0 0 0 0 0
4056 1616 105 155 0 0 0 0 0 0
2114 1814 77 127 0 0 0 0 0 0
4831 2018 62 64 0 0 0 0 0 0
4963 1974 67 66 0 0 0 0 0 0
6/0889.jpg
1
2276 1259 386 482 0 0 0 0 0 0
6/0903.jpg
1
2371 1499 235 285 0 0 0 0 0 0
6/0904.png
1
1094 1065 621 775 0 0 0 0 0 0
6/0905.jpg
1
1477 1972 533 694 0 0 0 0 0 0
6/0906.jpg
2
737 1789 29 38 0 0 0 0 0 0
847 1767 31 39 0 0 0 0 0 0
7/0002.jpg
1
951 1312 566 754 0 0 0 0 0 0
7/0035.jpg
1
1205 754 125 160 0 0 0 0 0 0
7/0049.jpg
1
2250 1480 123 143 0 0 0 0 0 0
7/0061.jpg
12
973 1382 73 122 0 0 0 0 0 0
1289 1431 85 134 0 0 0 0 0 0
1143 1398 93 117 0 0 0 0 0 0
1531 1455 46 56 0 0 0 0 0 0
1647 1424 133 147 0 0 0 0 0 0
2050 1352 113 135 0 0 0 0 0 0
2202 1424 47 63 0 0 0 0 0 0
2714 1402 44 59 0 0 0 0 0 0
2302 1448 34 61 0 0 0 0 0 0
2356 1433 36 56 0 0 0 0 0 0
3116 1320 120 168 0 0 0 0 0 0
2915 1441 89 124 0 0 0 0 0 0
7/0083.jpg
1
976 1567 344 457 0 0 0 0 0 0
7/0094.jpg
1
1128 1516 769 840 0 0 0 0 0 0
7/0099.jpg
1
1067 580 693 863 0 0 0 0 0 0
7/0112.jpg
1
789 806 907 1256 0 0 0 0 0 0
7/0114.jpg
1
997 1078 1221 1712 0 0 0 0 0 0
7/0115.jpg
1
599 694 135 175 0 0 0 0 0 0
7/0116.jpg
1
492 638 208 254 0 0 0 0 0 0
7/0125.jpg
1
794 463 63 77 0 0 0 0 0 0
7/0133.png
1
1586 477 767 1009 0 0 0 0 0 0
7/0145.jpg
1
1649 857 578 742 0 0 0 0 0 0
7/0147.png
1
1316 1159 309 378 0 0 0 0 0 0
7/0150.jpg
1
416 498 143 211 0 0 0 0 0 0
7/0156.png
2
1538 1223 154 199 0 0 0 0 0 0
121 1228 161 286 0 0 0 0 0 0
7/0164.jpg
1
1797 708 133 201 0 0 0 0 0 0
7/0184.jpg
2
2814 994 583 943 0 0 0 0 0 0
1745 1307 652 771 0 0 0 0 0 0
7/0200.jpg
7
3866 1292 230 288 0 0 0 0 0 0
2989 1474 226 269 0 0 0 0 0 0
2556 1155 216 291 0 0 0 0 0 0
1941 1312 217 288 0 0 0 0 0 0
1497 1343 241 271 0 0 0 0 0 0
1009 1305 230 272 0 0 0 0 0 0
328 1566 204 268 0 0 0 0 0 0
7/0206.jpg
1
1076 1254 302 396 0 0 0 0 0 0
7/0211.jpg
5
2093 933 102 129 0 0 0 0 0 0
2452 920 113 118 0 0 0 0 0 0
785 874 155 186 0 0 0 0 0 0
3039 886 134 163 0 0 0 0 0 0
2899 933 95 96 0 0 0 0 0 0
7/0217.jpg
2
1864 1012 58 83 0 0 0 0 0 0
2101 1005 57 82 0 0 0 0 0 0
7/0251.png
1
988 1466 1194 1604 0 0 0 0 0 0
7/0258.jpg
1
2087 743 270 333 0 0 0 0 0 0
7/0265.jpg
4
938 1141 163 221 0 0 0 0 0 0
630 982 166 186 0 0 0 0 0 0
1663 967 127 150 0 0 0 0 0 0
155 1044 162 200 0 0 0 0 0 0
7/0266.jpg
11
404 418 58 80 0 0 0 0 0 0
361 382 66 74 0 0 0 0 0 0
605 424 23 37 0 0 0 0 0 0
718 322 30 35 0 0 0 0 0 0
989 390 40 43 0 0 0 0 0 0
647 250 23 25 0 0 0 0 0 0
560 203 23 28 0 0 0 0 0 0
580 186 20 26 0 0 0 0 0 0
264 43 16 20 0 0 0 0 0 0
258 27 11 14 0 0 0 0 0 0
111 44 14 17 0 0 0 0 0 0
7/0285.png
1
1460 1150 613 745 0 0 0 0 0 0
7/0289.png
1
860 1212 506 657 0 0 0 0 0 0
7/0290.jpg
4
1488 1462 73 142 0 0 0 0 0 0
1581 1505 102 154 0 0 0 0 0 0
195 1391 28 39 0 0 0 0 0 0
1944 1478 104 136 0 0 0 0 0 0
7/0315.jpg
1
1209 2323 1684 2071 0 0 0 0 0 0
7/0318.jpg
7
798 873 40 101 0 0 0 0 0 0
900 822 39 89 0 0 0 0 0 0
607 893 58 75 0 0 0 0 0 0
1334 802 58 75 0 0 0 0 0 0
1805 846 37 96 0 0 0 0 0 0
2614 767 36 108 0 0 0 0 0 0
3011 740 33 48 0 0 0 0 0 0
7/0321.jpg
2
2773 1371 104 140 0 0 0 0 0 0
3173 1579 32 45 0 0 0 0 0 0
7/0326.jpg
3
1439 1335 60 81 0 0 0 0 0 0
574 1231 26 29 0 0 0 0 0 0
273 1147 12 16 0 0 0 0 0 0
7/0327.jpg
1
1290 1462 623 804 0 0 0 0 0 0
7/0329.jpg
2
1173 1206 100 126 0 0 0 0 0 0
2441 1229 81 93 0 0 0 0 0 0
7/0339.jpg
3
2950 2649 211 364 0 0 0 0 0 0
881 2075 83 117 0 0 0 0 0 0
1757 2160 100 149 0 0 0 0 0 0
7/0348.jpg
1
1195 630 121 170 0 0 0 0 0 0
7/0356.png
1
1437 1055 417 530 0 0 0 0 0 0
7/0379.jpg
4
2847 1511 46 59 0 0 0 0 0 0
2231 1570 29 40 0 0 0 0 0 0
1641 1582 46 67 0 0 0 0 0 0
623 1730 10 13 0 0 0 0 0 0
7/0381.jpg
2
2700 1384 41 49 0 0 0 0 0 0
2511 1347 45 54 0 0 0 0 0 0
7/0382.jpg
4
29 1186 128 157 0 0 0 0 0 0
574 1224 121 149 0 0 0 0 0 0
1623 1337 32 40 0 0 0 0 0 0
1785 1326 17 20 0 0 0 0 0 0
7/0397.jpg
2
1880 1627 117 170 0 0 0 0 0 0
1443 1555 112 126 0 0 0 0 0 0
7/0405.jpg
10
823 415 37 68 0 0 0 0 0 0
999 384 43 56 0 0 0 0 0 0
1043 296 14 19 0 0 0 0 0 0
905 295 11 16 0 0 0 0 0 0
885 323 11 16 0 0 0 0 0 0
578 327 12 25 0 0 0 0 0 0
615 323 12 21 0 0 0 0 0 0
523 256 19 21 0 0 0 0 0 0
174 269 12 28 0 0 0 0 0 0
326 217 16 21 0 0 0 0 0 0
7/0410.jpg
1
184 82 167 187 0 0 0 0 0 0
7/0421.jpg
9
766 952 162 254 0 0 0 0 0 0
1022 1140 144 196 0 0 0 0 0 0
1424 1123 156 213 0 0 0 0 0 0
1872 1070 180 238 0 0 0 0 0 0
2168 924 167 228 0 0 0 0 0 0
2810 540 260 321 0 0 0 0 0 0
3434 1075 180 207 0 0 0 0 0 0
4023 1097 189 213 0 0 0 0 0 0
5103 1983 137 184 0 0 0 0 0 0
7/0429.jpg
1
1197 1597 212 238 0 0 0 0 0 0
7/0431.jpg
1
1350 1317 455 581 0 0 0 0 0 0
7/0454.jpg
11
2901 2084 206 178 0 0 0 0 0 0
3986 1588 193 170 0 0 0 0 0 0
3700 1603 62 130 0 0 0 0 0 0
195 2345 121 327 0 0 0 0 0 0
4673 1486 69 89 0 0 0 0 0 0
966 1115 38 60 0 0 0 0 0 0
3295 1315 41 45 0 0 0 0 0 0
4304 1488 54 86 0 0 0 0 0 0
5054 1420 45 67 0 0 0 0 0 0
4462 1517 42 84 0 0 0 0 0 0
5026 1540 41 98 0 0 0 0 0 0
7/0463.jpg
5
548 1126 29 49 0 0 0 0 0 0
777 1118 25 42 0 0 0 0 0 0
1152 1163 16 21 0 0 0 0 0 0
1183 1168 15 20 0 0 0 0 0 0
1021 1151 10 15 0 0 0 0 0 0
7/0465.jpg
3
1196 1861 65 87 0 0 0 0 0 0
709 1838 86 108 0 0 0 0 0 0
409 1838 83 112 0 0 0 0 0 0
7/0481.jpg
1
1808 954 22 34 0 0 0 0 0 0
7/0498.jpg
7
1583 1650 95 136 0 0 0 0 0 0
2196 1572 93 114 0 0 0 0 0 0
2616 1479 70 84 0 0 0 0 0 0
1869 1597 46 80 0 0 0 0 0 0
2116 1595 46 67 0 0 0 0 0 0
1344 1615 52 82 0 0 0 0 0 0
2043 1638 31 36 0 0 0 0 0 0
7/0500.png
1
929 703 355 409 0 0 0 0 0 0
7/0505.jpg
3
595 853 50 59 0 0 0 0 0 0
887 842 40 55 0 0 0 0 0 0
1433 875 49 50 0 0 0 0 0 0
7/0514.jpg
1
1099 671 801 935 0 0 0 0 0 0
7/0543.jpg
1
410 488 479 590 0 0 0 0 0 0
7/0550.jpg
1
761 256 949 1370 0 0 0 0 0 0
7/0555.png
2
1557 738 619 803 0 0 0 0 0 0
2 891 291 475 0 0 0 0 0 0
7/0563.jpg
1
1852 654 151 187 0 0 0 0 0 0
7/0590.jpg
8
1868 1607 89 111 0 0 0 0 0 0
2549 1615 95 94 0 0 0 0 0 0
1577 1550 64 86 0 0 0 0 0 0
203 1579 50 110 0 0 0 0 0 0
333 1576 61 84 0 0 0 0 0 0
719 1568 58 83 0 0 0 0 0 0
965 1538 48 74 0 0 0 0 0 0
1198 1566 79 103 0 0 0 0 0 0
7/0597.jpg
5
655 537 79 102 0 0 0 0 0 0
1056 510 94 120 0 0 0 0 0 0
2060 503 21 26 0 0 0 0 0 0
1716 496 18 23 0 0 0 0 0 0
1659 498 15 23 0 0 0 0 0 0
7/0602.jpg
3
492 321 64 76 0 0 0 0 0 0
730 311 55 70 0 0 0 0 0 0
380 341 48 55 0 0 0 0 0 0
7/0622.jpg
3
356 1158 76 109 0 0 0 0 0 0
1945 1275 35 38 0 0 0 0 0 0
1583 1255 28 44 0 0 0 0 0 0
7/0631.jpg
4
1747 1163 145 221 0 0 0 0 0 0
1933 1395 351 488 0 0 0 0 0 0
2689 1237 141 208 0 0 0 0 0 0
3813 1283 213 335 0 0 0 0 0 0
7/0635.jpg
3
287 867 45 51 0 0 0 0 0 0
413 896 41 53 0 0 0 0 0 0
488 886 31 38 0 0 0 0 0 0
7/0657.jpg
1
1352 1616 296 318 0 0 0 0 0 0
7/0658.jpg
1
409 382 509 737 0 0 0 0 0 0
7/0660.jpg
2
650 1038 42 51 0 0 0 0 0 0
1009 960 61 71 0 0 0 0 0 0
7/0661.jpg
1
1420 1908 115 167 0 0 0 0 0 0
7/0664.png
1
1480 1540 158 203 0 0 0 0 0 0
7/0666.jpg
1
230 201 260 353 0 0 0 0 0 0
7/0669.jpg
1
1244 866 410 544 0 0 0 0 0 0
7/0672.png
4
2012 1834 102 109 0 0 0 0 0 0
3493 1981 58 70 0 0 0 0 0 0
3745 1980 58 77 0 0 0 0 0 0
5588 2194 22 23 0 0 0 0 0 0
7/0693.jpg
1
1594 2044 247 332 0 0 0 0 0 0
7/0706.jpg
1
2183 1822 181 186 0 0 0 0 0 0
7/0708.jpg
1
784 1610 191 244 0 0 0 0 0 0
7/0721.jpg
3
265 1160 172 227 0 0 0 0 0 0
910 1120 82 117 0 0 0 0 0 0
1578 1062 117 162 0 0 0 0 0 0
7/0737.jpg
1
2150 1474 268 332 0 0 0 0 0 0
7/0746.jpg
3
1104 1065 44 60 0 0 0 0 0 0
187 1040 45 63 0 0 0 0 0 0
2011 1161 41 58 0 0 0 0 0 0
7/0752.jpg
1
1422 555 460 610 0 0 0 0 0 0
7/0790.jpg
1
1265 762 302 420 0 0 0 0 0 0
7/0805.jpg
1
1609 1596 508 636 0 0 0 0 0 0
7/0838.jpg
1
336 751 35 44 0 0 0 0 0 0
7/0839.jpg
17
409 880 125 202 0 0 0 0 0 0
881 1213 90 117 0 0 0 0 0 0
1345 719 119 153 0 0 0 0 0 0
2108 820 57 76 0 0 0 0 0 0
524 633 39 53 0 0 0 0 0 0
700 661 28 48 0 0 0 0 0 0
774 631 32 39 0 0 0 0 0 0
868 618 31 50 0 0 0 0 0 0
1018 551 34 45 0 0 0 0 0 0
1170 593 31 39 0 0 0 0 0 0
1199 580 25 38 0 0 0 0 0 0
1262 586 22 24 0 0 0 0 0 0
1557 484 19 22 0 0 0 0 0 0
1469 515 17 19 0 0 0 0 0 0
1605 497 17 23 0 0 0 0 0 0
1293 539 18 27 0 0 0 0 0 0
1424 517 18 28 0 0 0 0 0 0
7/0876.jpg
1
321 434 472 608 0 0 0 0 0 0
7/0877.jpg
1
527 797 301 341 0 0 0 0 0 0
7/0883.jpg
1
1602 2007 353 461 0 0 0 0 0 0
7/0896.jpg
1
1810 1591 599 753 0 0 0 0 0 0
7/0899.jpg
1
1085 2228 238 304 0 0 0 0 0 0
7/0907.jpg
5
361 55 23 50 0 0 0 0 0 0
157 129 21 38 0 0 0 0 0 0
639 84 19 46 0 0 0 0 0 0
945 264 16 43 0 0 0 0 0 0
818 220 19 42 0 0 0 0 0 0
7/0918.jpg
2
1704 390 494 541 0 0 0 0 0 0
476 302 478 591 0 0 0 0 0 0
